Taxa	SDW.HN	SDW.LN	SFW.HN	SFW.LN	LC.HN	LC.LN	PH.HN	PH.LN
PI152651	0.668663462817068	0.333333331875941	7.18017226065618	1.32989855350577	5.99999999986795	3.93339020682272	33.7543796190548	22.3482535115522
PI17548	0.504030427681512	0.233333335459593	4.0324493523304	1.66724137885996	4.83333333369485	3.93339020682002	30.8195647341385	28.9187991532761
PI24969	1.03719974997585	0.133333335121374	7.00411067177551	1.42758703813917	5.5	4.99999999999997	27.1230893382664	27.6278438376875
PI276837	1.035330129484	0.100000002061183	10.1135055940356	0.671250870881054	5.33333333321314	3.38096109947436	60.2543796189828	21.1021778092553
PI329435	NA	NA	NA	NA	NA	NA	NA	NA
PI329440	0.693124350594729	0.133333333333333	8.36868646837224	0.700000000000002	5.16666666634002	4.49999999999998	34.3391001591856	25.5999999999999
PI34911	0.806024196451154	0.0999999999466656	7.20292450838281	0.699999999999999	6	4.04762776614103	34.7884965634478	17.3999999999999
PI35038	0.799999999999997	0.100000000323214	8.90000000000006	0.817870077442252	5.5	4.00000000000001	43.6000000000047	16.7453652863048
PI48770	0.585024800041893	0.0999999970638228	NA	0.462077836208249	5	3.16666666666668	32.0439485481251	18.0235634605237
PI533750	0.386311947815365	0.200000002191336	5.00837885373383	0.904584204214387	5.66666666666667	3.99519865879685	34.8739111879727	24.568844475922
PI533752	0.694655689862225	0.100000002114517	7.82213695201354	1.03791753754772	4.83333333347326	3.50000000000007	30.8161180361283	20.7355111425886
PI533754	1.19613101626742	0.100000002437732	9.69084798327007	0.506757264449787	5.4999999999922	3.33333333333334	38.3461411031277	16.5372357997119
PI533755	NA	NA	NA	NA	NA	NA	NA	NA
PI533757	0.628263567648733	0.133333335447851	5.81711558246175	0.933908045526626	5.49999999984448	4.16666666666666	33.3922874796332	24.7521324866095
PI533758	0.91964528114869	0.166666668510244	7.34171218706716	1.01059844224603	5.66666666666667	3.84743805955967	33.8072445213063	24.4508999251048
PI533759	0.933333333333348	0.166666666989881	9.7333333333332	1.25120341077559	5.33333333333334	4.16666666666664	32.8333333333376	17.5453652863048
PI533760	0.204034631382537	0.10000000178804	2.68296199512844	0.194253704805837	7	4.25000000000001	30.6047024600156	12.9945105043542
PI533761	1.7	0.166666657094234	15.4499999999999	0.884024913464878	6.5	3.16666666666672	37.9000000000042	14.1407276194934
PI533762	0.46666666666666	0.200000000411775	4.96666666666669	1.6965652201722	5.33333333333333	4.74697130494502	30.266666666671	24.288021588243
PI533766	0.53333333333333	0.0999999905161278	3.66666666666675	0.447358246798211	5.16666666666667	3.48784612350096	31.1666666666707	15.6073942861601
PI533769	0.913562406987526	0.133333333345075	7.97798207305422	1.06666666666667	5.16666666665887	3.90156391680044	35.1898995238797	18.4666666666663
PI533776	0.768663462817334	0.100000002203078	8.61350559403555	1.11059844224603	5.49999999987981	3.82117945683429	33.9543796189783	23.2842332584382
PI533785	1.08710015414358	0.0999999904275673	10.3490952933228	0.634024913464878	6.16666666634002	3.3333333333333	43.3839369290711	19.1740609528267
PI533788	0.874323195817177	0.4	8.25642388621592	2.4	5.83333333353932	3.99999999999997	46.6574264640782	28.3
PI533789	1.0093410478427	0.0999999999999999	9.09553526995735	0.566666666666665	5.66666666651114	4.00000000000001	33.2763833806694	17.8666666666663
PI533792	0.701996796150664	0.266666666743485	7.66350559403558	0.966666666666665	5.16666666654648	4.14126250813739	37.8543796189832	23.5666666666663
PI533794	0.85025781264795	0.0999999997290603	7.04408466818371	0.900000000000002	4.83333333354712	3.180771392893	28.4206620471246	22.3333333333332
PI533799	1.49999999999981	0.2	14.1999999999668	1.4	5.25	4.24999999999997	35.7500000000671	24.8999999999999
PI533800	1.07472800457662	0.0999999997290603	9.89294921665158	0.800000000000002	6.5	3.680771392893	41.787233320784	20.0666666666663
PI533807	0.374994606032795	0.100000002449474	5.21468957348272	1.07342393111645	4.9999999999922	4.40156391680044	25.3334175702801	19.9705691330453
PI533810	NA	0.133333335394516	NA	0.833908045526627	5.16666666666667	3.2142944328077	36.0000000000047	24.2854658199428
PI533814	0.62946434960076	NA	5.99084798327006	NA	5.16666666665887	3.33333333333331	36.4794744364574	22.3666666666663
PI533821	1.37946434960057	0.599999990450933	16.2408479832367	2.58402491346488	6.2499999999922	5.11137509782425	40.5961411031891	23.8073942861601
PI533822	0.771901134288065	0.133333333333333	8.02995916623826	0.866666666666669	5.33333333333333	4.16666666666667	36.2231486202701	18.3999999999996
PI533824	0.253540029202949	0.200000000400033	3.64216345109415	1.3465652201722	5.33333333303009	4.82853199213018	31.2590803278705	21.138021588243
PI533830	0.593730398076531	0.100000002137883	6.00345174468531	0.598569966182744	6.49999999984448	4.27804176449092	43.7405079860454	20.582040071304
PI533831	0.287100154143575	0.133333335394516	2.88242862665615	1.01059844224603	4.66666666634002	3.04762776614103	27.4172702624089	19.4842332584382
PI533833	0.766666666666671	0.166666667313095	8.63333333333344	0.927558438448165	6	4.00000000000001	36.1666666666721	22.0017386042614
PI533838	0.433333333333328	0.15	3.66666666666672	0.999999999999999	6	4.25	29.4666666666706	22.9999999999999
PI533839	0.500000000000007	0.100000000334956	5.46666666666675	0.651203410775585	5.33333333333334	3.93339020682002	32.2000000000025	16.2120319529714
PI533841	0.987199749975847	0.100000001788041	8.53744400510882	0.594253704805836	5.66666666666667	3.66666666666667	28.2897560049337	15.6278438376875
PI533842	NA	NA	NA	NA	NA	NA	NA	NA
PI533843	0.433333333333329	0.100000002114517	4.33333333333343	0.533908045526627	5.83333333333333	3.49999999999998	42.3000000000057	15.3854658199428
PI533845	0.761306553848156	0.266666668858002	7.35640176054982	1.29856996618274	5.66666666665887	4.47459584147073	30.9406620915826	24.8153734046374
PI533852	0.500000000000007	0.199999990504386	5.26666666666661	0.650691580131544	6	3.82853199213018	28.3000000000048	14.1407276194934
PI533855	0.81367315434595	0.1666666670667	8.99242767356369	0.751203410775585	5.5	4.47459584147073	24.4183793888664	15.9120319529714
PI533856	1.42009062512173	0.166666666666667	10.3564361670033	0.799999999999999	6.25	4.00000000000006	35.6897061082722	13.9999999999999
PI533863	0.605458287518803	0.1	7.01946161794775	0.533333333333336	5.49999999967335	3.33333333333332	33.1612188105298	17.5999999999996
PI533866	0.284345089334197	0.133333333333333	3.34281875623167	0.866666666666665	6	3.49999999999997	18.3473844640062	21.3999999999996
PI533869	0.690989862483846	0.233333335198192	6.73975721954906	1.19425370480584	5.33333333353932	4.14126250813739	35.0574264640804	23.4278438376875
PI533871	0.751011756000868	0.200000001799783	7.75948542289831	0.82758703813917	6.75	4.73489725013378	25.7140511306733	30.4278438376875
PI533876	0.333333333333333	0.100000000011742	3.4666666666668	0.700000000000002	5.16666666666667	3.40156391680044	28.1666666666727	20.4999999999996
PI533877	0.689357529784486	0.166666666989881	6.90292450838284	0.684536744108918	5.83333333333333	4.00000000000001	35.8884965634475	17.8786986196381
PI533878	0.845085231154525	0.133333331865245	8.08779240715262	1.06323188683888	5.2499999999922	3.5	33.5897903452146	23.4482535115267
PI533882	NA	NA	NA	NA	NA	NA	NA	NA
PI533901	0.766666666666673	0.100000000323214	7.89999999999992	0.596565220172197	5.83333333333333	4.33333333333335	28.1666666666709	14.388021588243
PI533902	0.870701298049197	0.100000000593095	8.1162953284618	0.527558438448165	5.16666666666667	3.38096109947436	41.7380357933495	14.9017386042614
PI533903	0.466666666666674	0.200000000076818	4.80000000000004	1.2	5.83333333333333	4.14126250813739	34.0333333333372	23.3333333333329
PI533910	0.700000000000002	0.200000001788041	8.90000000000003	0.794253704805837	5.83333333333334	4.16666666666664	34.366666666666	23.2278438376875
PI533911	0.550257812647941	0.100000002114517	4.97741800151703	0.93791753754772	4.50000000021379	4.00000000000006	27.3539953804594	25.7355111425886
PI533912	NA	0.166666663807308	NA	0.895411169541582	5.66666666666667	4.14126250813739	46.5563727749388	20.4902301271903
PI533913	NA	NA	NA	NA	NA	NA	NA	NA
PI533915	1.0052344676214	0.233333333603213	9.5632924995716	1.08453674410892	5.66666666666667	3.54762776614103	42.6898152869371	23.0453652863048
PI533919	0.841394671243283	0.26666666373049	8.35961588331829	1.12874450287492	5.16666666666667	3.66666666666665	43.0872333207839	24.5235634605237
PI533921	NA	0.0999999999999998	NA	0.8	NA	4.49999999999997	NA	20.0999999999997
PI533924	0.43710015414358	0.100000002437732	5.56576195998952	0.673423931116454	5.24999999967335	4	31.9172702624071	15.6039024663786
PI533927	0.590621058479697	0.1	6.53917495688518	0.733333333333336	4.6666666668066	3.66666666666672	32.3114155761184	20.1666666666663
PI533936	0.766666666666676	0.100000000323214	7.79999999999997	0.817870077442252	5.66666666666667	3.99999999999996	37.4666666666658	18.9453652863048
PI533937	0.664182499418472	0.166666668781184	7.17257227604475	1.03190329951608	5.83333333303008	3.83333333333333	32.5372504310923	24.982040071304
PI533938	0.880339821012624	0.13333333405658	9.45909434023029	0.794225105114831	5.66666666666667	3.30792917480406	33.3517127221992	20.7350719375947
PI533939	0.574323195817183	0.1	5.7564238862159	0.36666666666667	5.50000000020599	3.49999999999997	35.7907597974119	24.1666666666663
PI533940	0.422690863117821	0.166666665198578	4.70292450838284	0.729898553505547	6.16666666666667	3.83333333333332	39.7218298967805	15.3149201781934
PI533943	0.649207299460356	0.166666666666667	6.89960526733634	1.03333333333333	5.49999999969675	3.66666666666672	36.8478656458814	23.0999999999996
PI533948	1.07472800457662	0.266666666690032	10.3262825499849	0.999999999999999	5.16666666666667	3.77804176449092	39.0872333207834	22.4666666666665
PI533949	0.847006487679279	0.100000002114517	8.12576100689698	0.804584204214387	6.33333333333333	4.16666666666664	41.8850460555327	20.9355111425886
PI533954	0.729464349600754	0.133333334068323	9.12418131660332	0.894225105114831	5.9999999999922	3.91363797161169	39.612807769793	25.1350719375947
PI533955	0.800000000000002	0.166666666395727	7.46666666666677	1.13333333333333	5.5	3.680771392893	33.3000000000062	24.0999999999997
PI533956	NA	NA	NA	NA	NA	NA	NA	NA
PI533957	0.852978614482029	0.266666668454707	9.84171218706722	1.3609203714725	6.16666666666667	4.33333333333339	37.9739111879735	25.1611771710208
PI533961	1.00557717066174	0.166666668401373	10.2655214926963	1.1609203714725	6.16666666636342	4.78732635747795	42.6244837518734	25.2945105043542
PI533962	1.13333333333334	0.100000000375489	9.6	0.560891771781498	5.66666666666667	3.51410472622633	39.4	18.5350719375948
PI533964	0.599999999999817	0.100000002114517	5.73333333330008	1.51059844224603	5.5	3.66666666666665	45.8666666667336	22.1175665917715
PI533965	1.30297861448203	0.100000002114517	10.6583788537339	0.743931775579361	5.5	3.66666666666667	41.7405778546398	18.3175665917715
PI533967	1.05297861448203	0.100000000011742	8.24171218706717	0.666666666666665	6.16666666666667	3.73489725013377	35.0072445213069	16.8999999999999
PI533970	0.103866416642517	0.200000000088561	1.73744400510882	1.35	5.33333333333333	5.07117945683429	31.5230893382662	27.2999999999999
PI533972	1.64139467124329	0.233333333410152	14.3596158833182	1.1	5.5	3.82853199213018	46.9872333207832	20.3999999999996
PI533976	0.500000000000004	0.133333333345075	5.76666666666679	0.733333333333335	5.66666666666667	3.40156391680044	34.5000000000024	15.1333333333332
PI533979	0.946224330105238	0.133333335459593	9.41971638578739	0.83791753754772	5.50000000020599	4.73489725013378	44.4139084176796	19.768844475922
PI533980	0.418048916060975	0.1	2.6100162811535	0.466666666666668	5.49999999969675	4.16666666666664	30.527006436023	16.2999999999999
PI533985	0.8707012980492	0.200000002114517	10.6162953284618	1.16724137885996	4.83333333333334	4.16666666666668	42.3380357933487	20.6854658199428
PI533986	1.09062105847951	0.200000000088561	10.7391749568518	1.2	5.1666666668066	4.49697130494502	30.4447489095132	23.05
PI533987	0.666666666666673	0.133333333656548	7.00000000000001	1.18453674410892	4.83333333333334	4.16666666666665	37.9000000000044	20.3453652863048
PI533989	1.14139467124328	0.100000000088561	9.62628254998494	0.666666666666666	5.16666666666667	3.41363797161169	39.65389998745	22.4333333333331
PI533991	0.733333333333332	0.299999998555277	7.63333333333336	1.16323188683888	6.25	3.61137509782425	40.4000000000049	23.5815868448601
PI533996	0.540524112598639	0.15000000008856	4.38886479365939	0.800000000000002	5.33333333300669	3.32117945683429	32.7736430373433	17.6666666666663
PI533997	0.600000000000001	0.100000002191336	6.1666666666667	0.571250870881054	5.66666666666667	3.97459584147073	42.5333333333381	21.2355111425886
PI534009	1.37085902084404	0.099999997063823	11.0171305332549	0.355411169541583	5.16666666665887	4	49.1333744239054	23.956896793857
PI534021	0.818358133375235	0.2333333237609	8.97036632462497	0.917358246798211	5.16666666666667	3.49999999999997	27.5772818814579	16.7407276194934
PI534028	0.630597633660558	0.233333331942063	5.53651234174729	1.02989855350555	4.50000000021379	3.97459584147073	22.9390414359883	23.4149201781934
PI534037	0.833333333333335	0.100000000400033	7.1666666666668	0.684536744108918	6.16666666666667	3.99519865879685	33.1000000000057	20.4453652863048
PI534046	0.284345089334203	0.100000001876601	3.44281875623163	0.594253704805837	6	3.91363797161169	20.5807177973399	23.1611771710208
PI534047	0.700000000000005	0.166666666666666	6.10000000000009	0.800000000000002	5.83333333333333	3.66666666666668	31.5000000000026	18.4333333333332
PI534053	0.73762754615898	0.100000002437732	8.7982692971154	0.806757264449787	4.75000000013993	3.99999999999998	28.9131282983121	19.9372357997119
PI534054	0.90000000000001	0.20000000178804	9.46666666666665	0.72758703813917	6	4.16666666666665	35.7999999999994	23.1445105043542
PI534063	1.17302910002734	0.299999998531911	9.77048974955692	1.12989855350555	5.16666666651115	3.49999999999996	35.4691388593655	19.2815868448601
PI534070	0.599999999999821	0.100000002114517	6.43333333330006	0.66724137885996	5.00000000000001	3.16666666666673	38.3333333334005	21.7187991532761
PI534075	0.51152294579302	0.100000002191336	2.39386789132465	0.698569966182744	5.00000000020599	3.66186532546352	31.1805158023425	18.4153734046374
PI534079	0.835282612689835	0.200000002114518	8.31445099280863	1.20057471219329	4.66666666688046	3.83333333333339	31.3312772619136	27.2187991532761
PI534088	NA	NA	NA	NA	NA	NA	NA	NA
PI534092	1.57875843225812	0.166666668869745	13.2587319023152	0.898569966182744	5.00000000036152	3.58030463827836	43.9401313882532	24.3487067379707
PI534096	0.66666666666648	0.199999997063823	6.69999999996679	0.495411169541583	5.33333333333334	3.8333333333333	39.533333333401	17.956896793857
PI534097	0.450000000000005	0.100000002437732	4.55	0.706757264449787	5.16666666666667	4.3333333333334	38.2333333333374	21.8705691330453
PI534099	0.556024196451157	0.400000002061183	6.60292450838281	1.89856996618274	4.5	4.54762776614103	29.7384965634477	23.5487067379707
PI534101	0.517678422667537	0.100000002114518	4.74281875623165	0.898569966182744	5.66666666666667	4.16666666666664	23.5807177973392	22.0153734046373
PI534105	0.970533083309176	0.199999990427567	8.40411067177551	1.04069158013154	6.33333333333334	4.49999999999998	34.2230893382665	20.3073942861601
PI534108	0.670701298049199	0.100000002114517	7.94962866179512	0.704584204214387	4.5	3.33333333333334	33.5380357933494	23.8355111425886
PI534112	0.518358133375228	0.166666667324837	5.73369965795837	0.860891771781498	5	3.43339020682002	35.8439485481253	22.6684052709281
PI534114	0.788754087939064	0.166666668781184	8.18660842770552	0.910598442246027	6.16666666654648	4	41.3774190605838	21.2842332584382
PI534115	NA	NA	NA	NA	6.2499999999922	4.25	37.4000842369423	24.7499999999997
PI534116	0.799554974722486	0.2	7.84728415027326	1.26666666666667	4.9999999999922	3.66666666666665	34.5858472113936	20.9333333333332
PI534117	0.923954391813028	0.266666668781184	9.50584162355177	1.00057471219329	5.33333333347326	3.3333333333333	40.511415576117	24.2854658199428
PI534123	0.576933006295058	0.25	6.48088714395225	1.1	5.1666666668066	3.75000000000001	35.318660097419	23.1999999999996
PI534124	0.647006487679284	0.299999998620472	7.85909434023034	1.89656522017221	6	4.57117945683429	34.3517127221994	25.1982535115267
PI534127	0.533333333333335	0.0999999999466656	5.63333333333345	0.599999999999999	5.83333333333333	3.62065969081129	33.7666666666689	20.5333333333333
PI534128	2.03719974997584	0.3	21.4374440051088	1.3	6.5	4.00000000000001	43.8230893382664	24.3333333333331
PI534132	0.829464349600755	0.100000000323214	9.59084798327002	0.796565220172197	5.2499999999922	3.24999999999997	36.9961411031258	17.088021588243
PI534133	0.747006487679291	0.200000001843578	7.62576100689696	0.931903299516077	6.33333333333334	3.680771392893	36.6517127221994	19.9153734046374
PI534135	0.850000000000002	0.100000000323214	9.20000000000003	0.729898553505531	5	3.66666666666667	47.2666666666708	20.488021588243
PI534137	0.766666666666479	0.166666669181217	6.83333333330011	1.00675726444979	5.5	4.14126250813739	35.7333333334008	20.3372357997119
PI534138	NA	NA	NA	NA	NA	NA	NA	NA
PI534139	0.908327939366126	0.133333333679913	7.54802290681602	0.996565220172197	5.66666666665887	4.11137509782425	32.3000842369472	16.6213549215763
PI534144	0.799999999999997	0.333333333279999	6.80000000000013	0.866666666666668	5.5	3.62065969081129	35.4333333333392	19.7333333333332
PI534145	0.566666666666674	0.200000000400033	5.3666666666667	1.06323188683886	5.16666666666667	4.47459584147073	34.4666666666703	24.6546882549096
PI534148	0.450257812647942	0.166666666989881	3.77741800151707	1.12989855350553	4.83333333354713	3.66666666666663	29.8873287137945	26.688021588243
PI534155	0.737363761014839	0.250000000076819	7.199116018997	0.95	4.50000000036151	3.57853199213018	28.5862314008074	14.1499999999997
PI534157	1.65297861448203	0.200000002114517	17.5083788537339	1.21059844224603	6	3.75000000000007	53.14057785464	23.5342332584382
PI534163	0.40586321279318	0.266666666666667	4.10094959914437	0.833333333333332	5.74999999987981	4	28.8608022905786	20.4333333333329
PI534167	1.18469881722215	0.1	10.4041404828415	1	6.2499999999922	4.3333333333333	40.1859563900587	21.4999999999999
PI540816	NA	NA	NA	NA	NA	NA	NA	NA
PI542406	NA	NA	NA	NA	NA	NA	NA	NA
PI542718	1.09165248389122	0.1	10.3703672181685	0.899999999999999	5.16666666688046	3.66666666666672	45.1745620345723	21.6666666666666
PI548797	0.322690863117818	0.100000002114518	4.3695911750495	0.504584204214387	5.5	3.16666666666667	35.7384965634473	17.068844475922
PI552856	1.00806133790995	0.2333333237609	9.59294921665158	0.817358246798211	5.83333333333333	3.49999999999998	44.5538999874498	18.9740609528267
PI552861	NA	NA	NA	NA	NA	NA	NA	NA
PI561071	0.518358133375228	0.100000002114517	5.07036632462503	0.56523663284941	6.16666666666667	4.16666666666667	37.677281881458	14.3487067379707
PI561072	0.536569760463303	0.0999999967928833	5.21913018858414	0.66207783620825	5.50000000021379	3.51410472622633	39.3279065684285	21.9235634605237
PI561073	0.674994606032799	0.300000002114517	7.88135624014941	1.59856996618274	5.9999999999922	4.50000000000001	33.7667509036117	21.5487067379707
PI561472	0.72533495181804	0.133333334003127	5.46590930911414	1.02755843844816	4.66666666687266	3.77804176449092	34.0714775947489	24.5684052709281
PI562730	NA	NA	NA	NA	NA	NA	NA	NA
PI564163	0.723581031369807	0.139347844144034	7.16521519855312	0.709555860447626	5.31573380437932	3.58477580921627	38.7643734576441	19.2973316203106
PI564164	2.17946434960076	0.100000002437732	19.79084798327	1.00675726444979	6.7499999999922	4.16666666666663	48.2961411031214	22.1372357997119
PI564165	0.864182499418463	0.2	10.1059056093781	1.26666666666667	5.49999999969675	3.66666666666666	39.0372504310956	20.6333333333333
PI565121	0.451691466708556	0.15	5.17036632462499	0.850000000000002	5	3.00000000000006	34.1106152147914	15.1499999999999
PI566819	0.680849166084942	0.0999999970638229	7.32257227601141	0.762077836208249	5.33333333303008	3.50000000000006	35.7039170978238	19.9902301271903
PI576130	0.407374189361535	0.100000002114517	3.02997517245515	0.698569966182744	4.66666666651114	3.3333333333334	18.0165233233691	19.282040071304
PI576332	0.604034631382529	0.299999999946666	6.98296199512851	1.3	6	4.28732635747795	40.3380357933494	21.4666666666666
PI576333	0.366666666666487	0.200000000011742	4.96666666663338	0.933333333333333	5.5	4.23489725013378	34.7333333334003	17.1666666666664
PI576337	0.750257812647939	0.0999999970638228	7.14408466818367	0.445411169541582	5.33333333354712	3.33333333333334	37.4539953804598	16.456896793857
PI576339	0.477855653764412	0.133333333656548	4.90499994960833	0.784536744108919	5.49999999969675	4.16666666666666	25.9889631532893	19.9453652863048
PI576340	0.666666666666667	0.100000002114517	4.43333333333339	0.765236632849411	5	4	26.3666666666711	15.082040071304
PI576345	0.389357529784491	0.100000000088561	4.93625784171615	0.866666666666666	5.5	3.91363797161169	43.988496563447	23.4666666666666
PI576347	1.02043348747692	0.1	11.6490952933226	0.833333333333332	5.83333333300668	3.50000000000001	39.5172702624093	19.6333333333332
PI576348	0.6975158327518	0.100000000334957	5.57257227604477	0.584536744108918	5.83333333303008	3.40156391680044	37.937250431092	25.9453652863048
PI576349	NA	NA	NA	NA	NA	NA	NA	NA
PI576350	NA	NA	NA	NA	NA	NA	NA	NA
PI576352	0.676453058482399	0.1	5.09359258322681	0.700000000000002	4.66666666651114	3.50000000000007	32.9588449676347	14.8999999999999
PI576359	0.604030427681508	0.1	5.56578268566375	0.533333333333335	7.16666666702818	4.5	34.8862314008088	17.1333333333332
PI576364	0.487996350163123	0.1	5.08218489311282	0.433333333333333	4.83333333353932	4.00000000000007	28.6424725196089	15.1999999999999
PI576366	NA	NA	NA	NA	NA	NA	NA	NA
PI576373	1.21367315434595	0.100000000646429	9.42576100689699	0.827558438448164	5.83333333333333	4.3333333333333	33.0183793888666	18.2684052709281
PI576375	0.600000000000012	0.0999999999466656	6.40000000000007	0.466666666666668	4	2.54762776614103	30.2000000000021	20.5666666666666
PI576376	0.840989862483653	0.100000000023366	8.8397572195159	0.866666666666669	5.00000000020599	3.77804176449092	45.9574264641433	22.8666666666663
PI576380	1.53333333333335	0.300000002203078	15.4999999999999	2.40057471219329	6.33333333333334	3.58030463827836	42.6333333333373	23.2521324866095
PI576381	0.583827780567157	0.299999998260972	7.94761779644518	1.19656522017221	5.83333333303008	3.680771392893	37.5111616190629	23.2149201781934
PI576385	0.27053308330918	0.100000000088561	1.90411067177553	0.8	6	3.98784612350096	28.7897560049336	20.3999999999997
PI576386	0.451011756000875	0.166666667401656	3.80948542289829	0.927558438448164	NA	4.65451279016763	NA	23.6684052709281
PI576387	NA	NA	NA	NA	NA	NA	NA	NA
PI576390	0.483591145981281	0.100000000646429	4.47741800151686	0.660891771781498	5.33333333354712	3.16666666666666	26.8539953804598	20.3684052709281
PI576391	NA	NA	NA	NA	NA	NA	NA	NA
PI576393	0.747006487679287	0.1	8.27409434023032	0.499999999999999	5.33333333333334	3.66666666666666	30.4850460555325	18.7999999999999
PI576394	0.537199749975854	0.133333333333333	4.73744400510879	0.899999999999999	6.33333333333333	4.49999999999997	31.7230893382662	20.8999999999999
PI576396	0.433333333333339	0.200000002114517	4.73333333333334	1.26523663284941	6	5.49999999999997	34.1999999999992	25.8487067379707
PI576399	0.685024800041902	NA	6.43703299129164	NA	6.16666666666667	4.16666666666667	39.2106152147914	27.3999999999996
PI576401	NA	NA	NA	NA	NA	NA	NA	NA
PI576418	NA	NA	NA	NA	NA	NA	NA	NA
PI576422	0.620090625121739	0.166666657094234	6.05643616700328	0.684024913464877	5.16666666666667	3.83333333333335	32.523039441605	15.0407276194934
PI576425	0.60403463138253	0.333333335394517	6.51629532846182	1.06724137885996	6	3.45399302414462	46.0380357933489	24.5854658199428
PI576426	0.456024196451154	0.0999999999466655	7.00292450838286	0.949999999999999	4.25	3.54762776614103	28.4384965634477	18.9999999999999
PI576428	0.651691466708564	0.333333331865245	8.09369965795833	1.22989855350555	4.66666666666667	3.16666666666672	36.2439485481245	23.8815868448601
PI576434	0.900000000000003	0.100000000334956	10.8666666666667	0.996565220172197	6.33333333333334	4.76672354015335	43.5666666666703	18.688021588243
PI576435	NA	NA	NA	NA	NA	NA	NA	NA
PI576437	NA	NA	NA	NA	NA	NA	NA	NA
PI585291	NA	NA	NA	NA	NA	NA	NA	NA
PI585295	NA	NA	NA	NA	NA	NA	NA	NA
PI595699	1.0052344676214	0.166666666666666	7.52995916623823	0.999999999999998	5.5	3.99999999999998	39.4898152869373	20.8333333333329
PI595702	0.54098986248384	0.100000002526292	5.2230905528826	0.873423931116454	5.33333333353932	3.32117945683429	34.9574264640818	15.2705691330452
PI595714	0.588375517015708	0.133333335447851	4.00860144189528	1.03791753754772	5.16666666702818	3.99999999999996	16.6002825314759	24.768844475922
PI595718	0.391354325935154	0.100000000334957	5.1497634357517	0.596565220172197	5.16666666654648	4.23489725013378	30.7428761824261	18.7213549215763
PI595720	0.560228850003182	0.100000002203078	3.02460042133233	0.937917537547721	4.83333333317781	3.58030463827836	29.8255615309628	24.068844475922
PI595739	1.10199679615068	0.199999999946666	12.3135055940356	1.3	5.83333333321314	3.95399302414462	42.9210462856479	22.4499999999997
PI595740	0.433333333333332	0.133333331865245	4.70000000000005	0.929898553505547	4.66666666666667	3.83333333333335	28.7000000000043	22.4482535115267
PI595741	0.651036915360791	0.266666666666667	5.99154369256063	0.566666666666669	6.00000000036151	3.66666666666663	32.4046107896692	19.8333333333329
PI595743	0.423029100027335	0.133333333410152	5.62048974955691	0.900000000000002	5.49999999984448	4.14126250813739	35.7024721927003	19.5333333333332
PI595744	0.887363761014654	0.26666666872785	9.24911601896371	1.44393177557936	5.75000000036151	4.12065969081129	41.7862314008703	22.9508999251048
PI595745	NA	0.100000002437732	NA	0.706757264449788	5.4999999999922	3.50000000000006	31.5000842370101	16.6039024663786
PI597945	0.650000000000004	0.233333335459593	6.0000000000001	0.931903299516077	6	4.23489725013378	24.3500000000061	18.582040071304
PI597946	0.437363761014841	0.100000001876601	3.93244935233037	0.594253704805837	6.00000000036151	3.82117945683429	35.5528980674737	25.0945105043542
PI597949	NA	NA	NA	NA	NA	NA	NA	NA
PI597950	0.199999999999999	0.100000000323214	2.53333333333342	0.696565220172197	4.5	3.99999999999998	26.6666666666709	18.788021588243
PI597951	1.65297861448204	0.100000000646429	13.3083788537338	0.660891771781497	6	3.83333333333332	44.3905778546394	21.5017386042614
PI597952	1.19613101626743	0.13333333544785	11.2575146499365	0.74393177557936	6.4999999999922	4.33333333333332	35.5461411031262	17.6842332584382
PI597957	0.803866416642516	NA	6.30411067177548	NA	5.5	3.66666666666665	33.5230893382669	21.4999999999999
PI597958	1.15297861448203	0.100000000658171	9.20837885373387	0.427558438448165	5.66666666666667	3.23489725013377	33.9405778546396	18.9350719375947
PI597960	0.923675708830202	0.166666666666667	7.40749487273081	0.799999999999999	5.16666666702818	3.66666666666665	34.5601425887761	23.5666666666664
PI597961	0.401550464134324	0.20000000034658	4.25553427117314	0.951203410775585	5.33333333303008	4.11137509782425	34.1419528911055	17.7786986196381
PI597964	0.749999999999816	0.133333335447851	8.19999999996674	0.671250870881054	5.16666666666667	3.50000000000001	31.1000000000676	15.668844475922
PI597965	0.72395439181303	0.133333333979762	6.87250829021847	0.894225105114831	4.6666666668066	3.99999999999996	28.1114155761166	23.8350719375947
PI597966	0.6	0.199999997140641	5.80000000000009	0.695411169541583	5.33333333333333	3.49519865879685	33.0666666666705	16.5235634605237
PI597967	NA	NA	NA	NA	NA	NA	NA	NA
PI597968	0.842312525188257	0.133333333279999	7.40954128151007	0.666666666666666	4.1666666668066	3.2142944328077	28.9886974575708	14.5999999999997
PI597971	0.707656529150508	0.166666663730489	5.6230905528825	0.795411169541583	5.66666666687266	4.16666666666666	35.2574264640755	19.1235634605237
PI597972	0.866666666666477	0.200000002114517	6.5333333333001	0.871250870881054	5.16666666666667	4	35.3666666667339	24.3355111425886
PI597973	1.02946434960077	0.2	8.12418131660337	1.13333333333333	5.9999999999922	3.83333333333332	39.9794744364577	23.1
PI597976	0.580339821012617	0.133333335459593	6.3524276735637	0.804584204214387	5	3.76672354015336	29.0850460555333	19.9021778092553
PI597980	0.517678422667529	0.133333333333333	4.24281875623164	0.9	4.66666666666667	3.66666666666667	22.3473844640061	22.1333333333333
PI597982	0.522690863117829	0.133333335459593	9.3029245083828	0.810598442246027	6.66666666666667	3.93339020682002	42.8551632301139	21.8175665917715
PI598069	NA	NA	NA	NA	NA	NA	NA	NA
PI598070	0.366666666666674	0.166666667313095	3.26666666666677	0.460891771781498	5.16666666666667	4.66666666666667	31.0333333333352	24.5684052709281
PI601816	0.889055227723402	0.399999998531911	6.9028156769553	1.72989855350555	5.16666666702818	3.66666666666667	34.5635132822612	24.8815868448601
PI607931	0.772698094199862	0.233333333333333	9.19646758916401	1.16666666666667	5.49999999987981	3.50000000000006	41.3257487456611	18.133333333333
PI609456	0.541632814480563	0.100000000088561	4.01532704645005	0.566666666666665	5.1666666668066	3.32117945683429	26.3254667067855	18.3333333333329
PI613536	1.10000000000001	0.100000002384397	9.7000000000001	1.05675726444979	5.5	3.70399302414462	31.2000000000027	22.3372357997119
PI629034	0.955234467621398	0.233333323837719	8.76329249957161	0.917358246798211	5.75	4.30792917480406	47.2898152869373	18.7740609528267
PI629040	0.770701298049203	0.2	7.7496286617951	1.05	4.66666666666667	4	45.571369126682	23.6999999999996
PI629059	0.568663462817337	0.166666668781184	6.84683892736898	1.06724137885996	5.66666666654648	4.16666666666664	35.7877129523143	24.9521324866095
PI641824	0.553423958455059	0.133333331865245	4.97310283366996	1.22989855350555	5	4.49999999999998	30.523039441605	24.0815868448601
PI641836	0.703681771103005	0.1	5.85052083518694	0.599999999999999	5.66666666688046	4.16666666666665	32.7437014887272	17.8
PI641849	1.06683231431662	0.150000000646429	10.4738099783984	0.877558438448164	5.66666666665887	3.99999999999998	39.7508435631376	23.2350719375947
PI641874	1.53333333333334	0.166666668781184	12.0000000000001	1.11059844224603	5.33333333333333	4.3333333333333	30.4000000000025	26.1508999251048
PI642791	0.652978614482036	0.0999999970104886	6.47504552040048	0.66207783620825	5.5	3.54762776614103	32.973911187973	15.9235634605237
PI642793	NA	NA	NA	NA	NA	NA	NA	NA
PI642992	NA	NA	NA	NA	NA	NA	NA	NA
PI642998	0.45376682081024	0.133333333421894	7.91576195998945	0.933333333333332	5.83333333300668	3.82117945683429	45.683936929076	23.0333333333333
PI651492	NA	NA	NA	NA	NA	NA	NA	NA
PI651496	1.40806133790995	0.100000000023366	11.7596158833183	0.766666666666666	6.16666666666667	4.11137509782425	47.5538999874502	21.0333333333333
PI653616	NA	NA	NA	NA	NA	NA	NA	NA
PI653617	1.25636243336067	0.133333333333333	11.0204897495568	0.733333333333333	5.16666666651115	3.83333333333335	39.0024721926958	23.9333333333333
PI655970	0.545695904081991	0.300000002114517	6.89765156861112	0.948569966182744	4.33333333332553	4.00000000000006	34.4381200302918	20.9487067379707
PI655971	1.27472800457662	0.200000000088561	11.2596158833182	1.23333333333333	6.16666666666667	3.91363797161169	34.9538999874505	27.0666666666663
PI655972	0.317678422667541	0.166666668781184	3.24281875623161	1.03190329951608	5.83333333333333	4.49999999999998	23.5473844640058	20.8153734046373
PI655973	NA	0.133333335459593	NA	0.810598442246027	6	3.73489725013377	32.3850460555329	17.4842332584382
PI655974	0.653423958455064	0.166666668466449	5.80643616700332	0.960920371472504	4.66666666666667	3.60005687348669	36.8563727749383	24.2611771710208
PI655975	1.10403042768151	0.266666666666667	11.3991160189969	0.966666666666666	5.33333333369485	3.66666666666667	37.7195647341407	20.1333333333331
PI655976	0.851691466708562	0.133333333062394	8.23703299129166	0.766666666666666	5.66666666666667	3.180771392893	38.6439485481253	20.8333333333332
PI655977	0.986311947815364	0.0999999999999998	9.40837885373383	0.933333333333335	6	3.66666666666667	39.0405778546401	16.4666666666665
PI655978	NA	NA	NA	NA	NA	NA	NA	NA
PI655979	0.918358133375225	0.299999990374233	8.37036632462502	1.18402491346488	5.16666666666667	5.04762776614103	36.4772818814582	15.7073942861601
PI655980	0.810058134060615	0.100000000011742	8.67312147735379	0.433333333333333	5.16666666654648	2.43339020682002	42.9749462730956	18.0666666666665
PI655981	0.717678422667534	0.100000000323214	6.50948542289835	0.596565220172197	5.33333333333334	3.33333333333339	29.0473844640066	21.2546882549096
PI655982	0.890621058479706	0.100000002114517	7.20584162355182	0.871250870881054	4.66666666680659	3.99999999999998	33.0114155761151	26.5355111425886
PI655983	0.833333333333345	0.166666667078441	7.9333333333334	0.984536744108919	5.33333333333334	3.65451279016763	29.6000000000028	16.3453652863048
PI655984	NA	0.100000002461097	NA	0.873423931116454	6.00000000013993	4.27804176449092	32.1345049143791	14.7705691330452
PI655985	0.703866416642521	0.166666666936546	6.40411067177546	1.12989855350553	5.33333333333334	4.62065969081129	30.3897560049331	25.088021588243
PI655986	0.599997432909935	0.35000000178804	5.96162532171211	1.39425370480584	6.66666666665887	4.66666666666673	33.1692304413884	23.3278438376875
PI655987	0.379978588264184	0.19999999972906	4.14209946526789	0.933333333333333	4.50000000013993	3.680771392893	31.9999121395599	24.5666666666666
PI655988	0.786757291788404	0.133333333333333	6.77310283366994	0.9	5.5	3.83333333333332	33.1563727749381	21.0999999999997
PI655989	1.10000000000001	0.100000000323214	10.5666666666666	0.784536744108919	6.16666666666667	4	35.5666666666715	15.3286986196381
PI655990	0.45000000000001	0.166666668454707	5.3499999999999	0.894253704805837	5.25	4	28.800000000004	20.2278438376875
PI655991	0.566666666666684	0.100000002191336	5.80000000000005	0.900574712193293	5.5	3.82853199213018	37.7000000000024	25.8187991532761
PI655992	1.05636243336067	0.100000000011742	9.2871564162234	0.549999999999999	6.16666666651114	3.73489725013377	35.535805526034	17.4333333333333
PI655993	0.437367964715857	0.100000000646429	6.84962866179512	0.827558438448164	6.5	4.00000000000006	34.7380357933489	20.4350719375947
PI655994	0.737367964715862	0.166666666613332	8.34962866179516	1.03333333333333	4.66666666666667	3.95399302414462	34.7380357933492	22.9333333333329
PI655995	0.745719963145155	0.266666666678409	8.09008092460632	1.6	5.99999999984448	3.76672354015336	53.7909687561436	28.2666666666663
PI655996	NA	NA	NA	NA	NA	NA	NA	NA
PI655997	1.26182815872019	0.266666665275396	12.7420445099743	1.06323188683888	5.49999999967335	3.32853199213018	45.7045035831885	19.1149201781934
PI655998	1.01577629741612	0.100000002114517	10.0992268370038	0.94393177557936	5.83333333332553	3.66666666666672	42.0200522910949	19.4508999251048
PI655999	0.605234467621406	0.0999999971523834	6.09662583290488	0.692077836208249	4.16666666666667	3.65451279016763	41.2898152869368	28.1235634605237
PI656000	NA	NA	NA	NA	NA	NA	NA	NA
PI656001	NA	0.100000000052275	NA	0.52989855350553	6.16666666665887	3.34743805955967	35.3978538253214	20.088021588243
PI656002	0.589695766694002	0.166666668833458	6.02048974955695	0.906757264449787	6.16666666651114	3.84743805955967	40.1024721927021	22.5705691330453
PI656003	NA	NA	NA	NA	NA	NA	NA	NA
PI656004	0.250000000000013	0.899999998531912	2.85000000000008	3.79656522017221	4.75	5	29.1500000000022	32.2482535115267
PI656005	NA	NA	NA	NA	NA	NA	NA	NA
PI656006	0.447014058934994	0.100000002114517	4.94268172793198	0.800574712193293	6.00000000020599	3.5	45.9959230275234	19.5187991532761
PI656007	NA	0.100000000323214	NA	0.317870077442252	4.25000000021379	3.66666666666665	28.3373287137883	17.1786986196381
PI656008	0.830849166085127	0.2	9.12257227604471	1.3	5.99999999969675	3.99999999999998	44.4539170977609	21.3999999999999
PI656009	0.730849166085128	NA	8.47257227604474	NA	5.33333333303008	4.5	35.4039170977605	27.8350719375947
PI656010	1.33333333333333	0.0999999903742325	11.1333333333334	0.384024913464877	5.83333333333333	3.45399302414462	45.5666666666662	13.9073942861601
PI656011	NA	NA	NA	NA	NA	NA	NA	NA
PI656012	NA	NA	NA	NA	NA	NA	NA	NA
PI656013	NA	NA	NA	NA	NA	NA	NA	NA
PI656014	NA	NA	NA	NA	NA	NA	NA	NA
PI656015	1.01866346281734	0.266666668792926	10.3135055940354	1.19856996618274	6.24999999987981	4.43339020682002	33.8877129523165	18.082040071304
PI656016	NA	NA	NA	NA	NA	NA	NA	NA
PI656017	NA	NA	NA	NA	NA	NA	NA	NA
PI656018	1.16666666666668	0.100000002114517	9.56666666666671	0.500574712193293	5.33333333333333	3.50000000000001	34.8000000000022	17.1521324866095
PI656019	0.566666666666475	0.233333335198192	5.89999999996674	1.19425370480584	5.66666666666667	5.32853199213018	29.6333333334005	30.3945105043542
PI656020	0.826014662525734	0.100000000011742	8.28012354417415	0.766666666666668	4.66666666687266	3.43339020682002	42.4680416788675	23.5666666666665
PI656021	NA	NA	NA	NA	NA	NA	NA	NA
PI656022	0.685024800041897	0.266666666666667	6.37036632462499	1.26666666666667	4.66666666666667	3.66666666666663	34.7106152147919	24.1999999999997
PI656023	0.381860922085996	0.2	3.14872436560965	1.3	5.66666666636342	4.33333333333335	22.5179682284293	23.2333333333329
PI656024	0.666666666666677	0.0999999905161276	7.30000000000012	0.817358246798211	4.66666666666667	3.24697130494502	42.0333333333363	21.7740609528267
PI656025	0.866666666666666	0.199999997075565	8.10000000000011	1.06207783620825	5.33333333333334	3.43339020682002	43.8666666666711	26.1902301271903
PI656026	0.738111910144443	0.100000000088561	8.72524738288772	0.650000000000002	6.49999999967335	3.74697130494502	24.9313213930778	17.6999999999996
PI656027	NA	NA	NA	NA	NA	NA	NA	NA
PI656028	0.520090625121734	0.10000000178804	5.6064361670033	0.860920371472504	6	4.5	36.8897061082721	28.2278438376875
PI656029	0.840989862483838	0.133333334850434	8.65642388621586	0.894253704805837	5.66666666687266	3.84743805955967	43.4907597974138	22.2278438376875
PI656031	0.655492280269339	0.0999999971523833	5.1073771677552	0.510411169541582	5.50000000021379	3.41363797161169	34.4771440007256	17.1735634605237
PI656032	NA	NA	NA	NA	NA	NA	NA	NA
PI656033	1.11638927727608	0.100000000088561	9.94097212346757	0.733333333333335	5.83333333332553	3.74697130494502	36.1206508910597	21.9333333333332
PI656034	0.800000000000004	0.133333335394516	6.3333333333334	1.00458420421439	5.33333333333333	3.28732635747795	39.7000000000024	28.268844475922
PI656035	NA	NA	NA	NA	NA	NA	NA	NA
PI656036	0.633333333333341	0.100000000076819	6.13333333333341	0.699999999999999	4.5	3.64126250813739	32.1666666666721	20.4333333333332
PI656037	1.1052344676214	0.233333333410152	9.66329249957159	1.03333333333333	5.25	3.47459584147073	41.3398152869369	22.7666666666664
PI656038	0.303866416642512	0.100000002137883	3.80411067177552	0.771250870881054	5.66666666666667	4.11137509782425	34.1564226716001	21.268844475922
PI656039	NA	0.166666666666666	NA	1.16666666666667	5.25000000021379	3.8333333333333	36.1104180520553	25.4333333333329
PI656040	NA	NA	NA	NA	NA	NA	NA	NA
PI656041	0.915669950496617	0.133333335394516	10.4725999342659	0.965236632849411	5.33333333321314	4.28732635747795	25.6060923411783	20.482040071304
PI656042	NA	NA	NA	NA	NA	NA	NA	NA
PI656043	0.990621058479698	0.233333335447851	8.93917495688508	1.20458420421439	4.50000000013993	4.16666666666665	45.6447489094455	26.1021778092553
PI656044	0.554975410632695	0.149999998620472	6.62188444776939	1.14656522017221	5.16666666654648	3.24697130494502	34.3949574736185	19.4149201781934
PI656046	0.551011756000867	0.166666666718941	4.14281875623166	1.05120341077559	5	3.84743805955967	25.0140511306727	22.8453652863048
PI656047	0.523029100027333	0.199999990439309	5.68715641622354	0.517358246798212	4.16666666651114	2.73489725013378	32.0358055260341	12.0407276194934
PI656048	NA	NA	NA	NA	NA	NA	NA	NA
PI656049	0.833333333333337	0.0999999999466658	8.33333333333333	0.733333333333336	5.66666666666667	3.88096109947436	41.2666666666665	24.2999999999996
PI656050	NA	NA	NA	NA	NA	NA	NA	NA
PI656051	0.0871001541435762	0.133333330397156	1.81576195998952	0.878744502874916	3.83333333300669	3.66666666666665	20.2172702624107	25.356896793857
PI656052	0.774994606032795	0.133333335447851	7.41468957348276	0.777265108912694	5.33333333332553	4.00000000000001	27.3667509036153	19.2842332584382
PI656053	0.970701298049193	0.166666669051064	9.38296199512849	0.906757264449787	5.5	4.04762776614103	40.438035793349	19.7039024663786
PI656054	NA	NA	NA	NA	NA	NA	NA	NA
PI656055	1.17009062512173	0.166666666755227	9.95643616700332	0.933333333333335	5.33333333333333	3.15451279016763	40.2397061082717	29.2333333333332
PI656056	1.4	0.133333333345075	14	0.966666666666665	5	3.26672354015336	45.6999999999994	25.5333333333329
PI656057	0.899999999999814	0.0999999999466656	7.36666666663341	0.766666666666669	5	3.62065969081129	37.233333333401	23.7333333333329
PI656058	1.0867572917884	0.100000000076819	10.4064361670033	0.750000000000001	5.83333333333333	4.07853199213018	40.9897061082719	13.6999999999999
PI656059	0.741661272699471	0.100000000323214	7.84802290681606	0.696565220172197	4.7499999999922	3.66666666666667	25.8000842369453	15.7546882549096
PI656060	0.929188859434428	0.199999990439309	7.73246745645665	0.850691580131544	5.50000000013993	3.43339020682002	45.4678975297162	20.5073942861601
PI656061	1.08084916608513	0.166666669104398	12.2725722760447	1.04009059778312	5.99999999969675	4.16666666666668	41.653917097756	23.9705691330452
PI656062	1.53736376101484	0.100000000076819	11.499116018997	0.649999999999999	4.25000000036151	4.32853199213018	34.9362314008025	18.6
PI656063	NA	NA	NA	NA	NA	NA	NA	NA
PI656064	NA	NA	NA	NA	NA	NA	NA	NA
PI656065	NA	NA	NA	NA	NA	NA	NA	NA
PI656066	NA	NA	NA	NA	NA	NA	NA	NA
PI656067	NA	NA	NA	NA	NA	NA	NA	NA
PI656068	1.03856780095473	0.166666657094234	10.2966258329049	0.984024913464878	4.66666666666667	3.16666666666667	38.6564819536034	25.4740609528267
PI656069	0.627747154272237	0.133333333656548	5.79619338655246	0.82989855350553	5.83333333353932	3.99999999999998	34.3137992390144	16.2546882549096
PI656070	0.320433487476722	0.266666666666667	5.08242862662283	1.03333333333333	4.99999999967335	3.8333333333333	39.1839369291389	22.2666666666665
PI656071	0.922001093712079	0.100000001788041	9.47378391371297	0.694253704805836	5.16666666665887	3.99999999999998	31.4851302924757	24.2945105043542
PI656072	0.774323195817173	0.100000002203078	8.65642388621589	0.877265108912694	5.66666666687266	3.74697130494502	40.55742646408	23.8175665917715
PI656073	0.999999999999998	0.19999999972906	12.0000000000001	0.999999999999999	6	3.84743805955967	48.5000000000048	26.4666666666663
PI656074	NA	NA	NA	NA	NA	NA	NA	NA
PI656075	1.49775710460395	0.166666666666666	12.3801056328751	0.933333333333336	5.66666666651114	3.50000000000007	37.3897055134798	23.8999999999996
PI656076	0.673029100027148	0.20000000251455	6.37048974952359	1.25675726444979	4.66666666651114	4.07853199213018	31.9358055260969	20.8372357997119
PI656077	0.566666666666661	0.233333333603214	5.93333333333339	1.02989855350553	5.5	4.2142944328077	35.2333333333378	22.6546882549096
PI656078	0.400000000000001	0.250000002137883	4.76666666666682	1.76059844224603	5.16666666666667	4.36137509782425	29.0000000000062	25.3342332584382
PI656079	0.500000000000008	0.266666663677155	4.13333333333342	1.09541116954158	5.33333333333334	3.62065969081129	30.733333333339	22.1902301271903
PI656080	0.397515832751802	0.0999999985319112	3.73923894271123	0.429898553505547	4.99999999969675	3.00000000000007	29.5705837644275	16.0815868448601
PI656081	0.620433487476919	0.100000000011742	5.01576195998949	0.599999999999999	5.33333333300669	3.26672354015336	38.2839369290741	16.2499999999999
PI656082	0.500000000000005	0.199999998478577	4.93333333333345	0.86323188683888	4.83333333333334	3.28732635747795	28.5666666666687	19.4815868448601
PI656083	0.700000000000005	0.200000002203078	6.50000000000014	1.05057471219329	5.66666666666667	3.48784612350096	39.4666666666693	24.3521324866095
PI656085	1.46666666666667	0.100000000023366	13.3666666666666	0.933333333333335	6.16666666666667	4.11137509782425	37.6333333333377	17.9999999999999
PI656086	1.14139467124328	0.500000000011742	10.8929492166516	2.6	5.83333333333333	4.26672354015336	41.1872333207834	26.3999999999997
PI656087	0.68033982101262	0.250000002114517	6.75909434023032	1.44856996618274	4.66666666666667	3.74999999999998	27.8183793888665	19.7987067379707
PI656088	1.14259822863624	0.1	11.0624085185685	0.633333333333336	5.16666666702818	3.49999999999998	44.8093800210732	18.7999999999996
PI656089	0.973029100027339	0.166666663730489	7.87048974955694	0.56207783620825	5.74999999984448	3.16666666666673	28.4024721926985	13.656896793857
PI656090	NA	0.100000000076819	NA	0.666666666666666	5.83333333347326	3.80792917480406	35.0780822427836	19.8999999999999
PI656091	0.834106641822859	0.133333333656548	7.24152296688641	0.763231886838864	5.49999999967335	4.00000000000007	40.4689829846044	24.1213549215763
PI656092	1.08736376101485	0.133333333410152	9.44911601899705	0.933333333333336	5.25000000036151	3.99519865879685	40.7362314008055	27.6666666666663
PI656093	NA	0.1	NA	0.999999999999999	5.33333333333333	4.00000000000007	35.1000000000045	18.3999999999996
PI656094	0.774563510990687	0.166666666666667	4.63656002410579	0.699999999999999	5.66666666702818	3.66666666666673	29.8093207390696	17.7333333333332
PI656095	1.37190113428807	0.199999999946666	10.1299591662382	1.1	5.16666666666667	3.2142944328077	46.7564819536032	23.9333333333329
PI656096	0.973897930438731	0.133333335524669	9.72679809360712	1.00057471219329	5.49999999987981	4.30792917480406	37.127528239249	23.2854658199428
PI656097	0.413809438934956	0.100000000023366	5.10033340616826	1.2	5.16666666665887	3.77804176449092	25.7601922337947	23.4999999999997
PI656098	0.971901134288067	0.233333333333333	7.12995916623823	1.03333333333333	5.5	4.00000000000007	37.1231486202705	13.2666666666664
PI656099	0.36666666666667	0.133333333656548	4.30000000000005	0.92989855350553	4	3.66666666666666	22.866666666671	23.588021588243
PI656100	NA	NA	NA	NA	NA	NA	NA	NA
PI656101	0.666666666666666	0.299999990427567	4.73333333333342	1.05069158013154	4.83333333333333	4.00000000000001	27.0000000000021	20.0407276194934
PI656102	0.657287725146367	0.0999999970638229	7.23917495688517	0.848744502874916	5.83333333347326	3.66666666666664	35.0114155761148	19.956896793857
PI656103	0.500000000000011	0.100000000646429	4.3333333333334	1.02755843844816	5.16666666666667	3.66666666666673	32.3333333333352	25.8350719375947
PI656104	0.533333333333344	0.100000002114517	4.80000000000007	0.84393177557936	5.5	4	37.4666666666696	16.1508999251048
PI656105	0.938567800954735	0.200000001843578	9.12995916623824	1.33390804552663	5.16666666666667	4.01410472622633	40.2898152869365	24.6854658199428
PI656106	0.622690863117815	0.166666668858003	6.76959117504947	0.877265108912693	5.83333333333333	3.49519865879685	48.1884965634472	27.1508999251048
PI656107	1.23201572972298	0.100000002437732	13.7987908402033	1.10675726444979	6.00000000013993	3.49999999999998	42.9653155635628	20.2705691330453
PI656108	0.231018802483949	0.399999990427567	2.58428074853213	1.63402491346488	4.66666666665887	3.00000000000007	32.3885808003901	22.3407276194934
PI656109	0.711691160533035	0.199999998543653	8.63938588134429	0.829898553505547	5.50000000020599	4.56823058346711	45.1287955907584	19.8815868448601
PI656110	0.676006362033662	0.100000002437732	7.89084166304762	0.773423931116454	5.9999999999922	3.3333333333333	28.4641353676157	14.0039024663786
PI656111	0.626686072741356	0.3	7.58505589810765	1.06666666666667	4.33333333332553	4.00000000000001	28.6106994517343	21.9333333333332
PI656112	0.867936235315475	0.200000000323214	4.58690342441527	1.01787007744225	5.16666666688046	3.33333333333339	23.5013798444616	26.4453652863048
PI656113	0.508053900069229	0.133333333333333	6.22418940751517	0.733333333333333	5.16666666651114	3.83333333333334	34.2130874074878	19.1666666666666
PI656114	NA	NA	NA	NA	NA	NA	NA	NA
PI656115	NA	NA	NA	NA	NA	NA	NA	NA
PI656116	NA	NA	NA	NA	NA	NA	NA	NA
PI656118	1.14139467124328	0.200000002114517	10.6596158833183	1.21059844224603	5	3.49999999999996	48.1538999874504	25.6175665917715
PI656119	0.616924479314612	0.100000002203078	5.17741800151706	0.637917537547721	5.83333333354712	3.65451279016763	31.6873287137909	17.768844475922
PI656120	0.453423958455068	0.333333333656548	6.10643616700331	1.51787007744225	5	4.00000000000007	28.2230394416047	16.8786986196381
PI656121	0.608065059064036	0.2	6.7487446807921	0.966666666666666	5.50000000036151	3.83333333333333	38.6909338608187	21.5999999999997
PI659691	0.622690863117828	0.1	7.06959117504945	0.466666666666669	5.66666666666667	3.83333333333333	36.4218298967803	25.1666666666663
PI659694	0.75000000000001	0.299999990427567	8.3000000000001	1.18402491346488	5.25	4	36.7500000000024	20.9073942861601
PI659695	0.760054624132661	0.166666666690032	6.73537386071312	1.2	5.83333333369485	4.11137509782425	56.0080612975837	24.7666666666663
PI659696	0.466666666666668	0.166666668401373	5.50000000000005	0.92758703813917	5.16666666666667	4.04762776614103	37.3666666666666	26.2611771710208
PI659753	1.04166127269947	0.133333335447851	9.81468957348255	0.700574712193293	5.4999999999922	3.16666666666665	36.7334175702805	22.1854658199428
