Taxa	SDW.HN	SDW.LN	SDW.NR	SFW.HN	SFW.LN	SFW.NR	LC.HN	LC.LN	LC.NR	PH.HN	PH.LN	PH.NR
PI152651	0.668663462817068	0.333333331875941	1.00599039722175	7.18017226065618	1.32989855350577	4.39903757450401	5.99999999986795	3.93339020682272	0.525401672445455	33.7543796190548	22.3482535115522	0.510381095399986
PI17548	0.504030427681512	0.233333335459593	1.16013038466506	4.0324493523304	1.66724137885996	1.41863559977605	4.83333333369485	3.93339020682002	0.228795791811969	30.8195647341385	28.9187991532761	0.0657276801428689
PI24969	1.03719974997585	0.133333335121374	6.77899802050014	7.00411067177551	1.42758703813917	3.90625824181286	5.5	4.99999999999997	0.100000000000007	27.1230893382664	27.6278438376875	-0.0182697753174845
PI276837	1.035330129484	0.100000002061183	9.35330108143952	10.1135055940356	0.671250870881054	14.0666554529174	5.33333333321314	3.38096109947436	0.577460720870854	60.2543796189828	21.1021778092553	1.85536308923317
PI329435	NA	NA	NA	NA	NA	NA	NA	NA	NA	NA	NA	NA
PI329440	0.693124350594729	0.133333333333333	4.19843262946048	8.36868646837224	0.700000000000002	10.9552663833889	5.16666666634002	4.49999999999998	0.148148148075565	34.3391001591856	25.5999999999999	0.341371099968193
PI34911	0.806024196451154	0.0999999999466656	7.06024196881042	7.20292450838281	0.699999999999999	9.2898921548326	6	4.04762776614103	0.482349748213221	34.7884965634478	17.3999999999999	0.999338882956782
PI35038	0.799999999999997	0.100000000323214	6.99999997414285	8.90000000000006	0.817870077442252	9.88192396992109	5.5	4.00000000000001	0.374999999999997	43.6000000000047	16.7453652863048	1.60370551818675
PI48770	0.585024800041893	0.0999999970638228	4.85024817219258	NA	0.462077836208249	NA	5	3.16666666666668	0.578947368421046	32.0439485481251	18.0235634605237	0.777891958951941
PI533750	0.386311947815365	0.200000002191336	0.931559717913343	5.00837885373383	0.904584204214387	4.53666406112354	5.66666666666667	3.99519865879685	0.418369185269295	34.8739111879727	24.568844475922	0.41943636063755
PI533752	0.694655689862225	0.100000002114517	5.94655675173613	7.82213695201354	1.03791753754772	6.53637612723535	4.83333333347326	3.50000000000007	0.380952380992332	30.8161180361283	20.7355111425886	0.486151839914627
PI533754	1.19613101626742	0.100000002437732	10.9613098710895	9.69084798327007	0.506757264449787	18.123254195067	5.4999999999922	3.33333333333334	0.649999999997657	38.3461411031277	16.5372357997119	1.31877573541013
PI533755	NA	NA	NA	NA	NA	NA	NA	NA	NA	NA	NA	NA
PI533757	0.628263567648733	0.133333335447851	3.71197668263881	5.81711558246175	0.933908045526626	5.22878838053216	5.49999999984448	4.16666666666666	0.319999999962677	33.3922874796332	24.7521324866095	0.349067095439065
PI533758	0.91964528114869	0.166666668510244	4.5178716258564	7.34171218706716	1.01059844224603	6.26471749822846	5.66666666666667	3.84743805955967	0.472841558186178	33.8072445213063	24.4508999251048	0.38265849620508
PI533759	0.933333333333348	0.166666666989881	4.59999998914009	9.7333333333332	1.25120341077559	6.77917742991105	5.33333333333334	4.16666666666664	0.28000000000001	32.8333333333376	17.5453652863048	0.871339399184009
PI533760	0.204034631382537	0.10000000178804	1.04034627734316	2.68296199512844	0.194253704805837	12.8116387422837	7	4.25000000000001	0.647058823529408	30.6047024600156	12.9945105043542	1.3552024102609
PI533761	1.7	0.166666657094234	9.20000058583291	15.4499999999999	0.884024913464878	16.4768830206884	6.5	3.16666666666672	1.05263157894733	37.9000000000042	14.1407276194934	1.6802015440675
PI533762	0.46666666666666	0.200000000411775	1.33333332852926	4.96666666666669	1.6965652201722	1.9274834869965	5.33333333333333	4.74697130494502	0.123523398546245	30.266666666671	24.288021588243	0.246156116779889
PI533766	0.53333333333333	0.0999999905161278	4.33333383913986	3.66666666666675	0.447358246798211	7.19626483452459	5.16666666666667	3.48784612350096	0.481334463654772	31.1666666666707	15.6073942861601	0.996916723908733
PI533769	0.913562406987526	0.133333333345075	5.85171805180307	7.97798207305422	1.06666666666667	6.47935819348831	5.16666666665887	3.90156391680044	0.324255292707316	35.1898995238797	18.4666666666663	0.905590226924932
PI533776	0.768663462817334	0.100000002203078	6.68663445883079	8.61350559403555	1.11059844224603	6.75573354543514	5.49999999987981	3.82117945683429	0.439346165761176	33.9543796189783	23.2842332584382	0.458256290516813
PI533785	1.08710015414358	0.0999999904275673	9.87100258205521	10.3490952933228	0.634024913464878	15.3228527358115	6.16666666634002	3.3333333333333	0.849999999902024	43.3839369290711	19.1740609528267	1.26263685276724
PI533788	0.874323195817177	0.4	1.18580798954294	8.25642388621592	2.4	2.44017661925663	5.83333333353932	3.99999999999997	0.458333333384841	46.6574264640782	28.3	0.648672313218311
PI533789	1.0093410478427	0.0999999999999999	9.09341047842701	9.09553526995735	0.566666666666665	15.0509445940424	5.66666666651114	4.00000000000001	0.416666666627782	33.2763833806694	17.8666666666663	0.86248414444049
PI533792	0.701996796150664	0.266666666743485	1.63248798480665	7.66350559403558	0.966666666666665	6.92776440762303	5.16666666654648	4.14126250813739	0.24760665531205	37.8543796189832	23.5666666666663	0.606267876335946
PI533794	0.85025781264795	0.0999999997290603	7.50257814951636	7.04408466818371	0.900000000000002	6.82676074242633	4.83333333354712	3.180771392893	0.519547536282093	28.4206620471246	22.3333333333332	0.272566957333945
PI533799	1.49999999999981	0.2	6.49999999999905	14.1999999999668	1.4	9.14285714283343	5.25	4.24999999999997	0.235294117647068	35.7500000000671	24.8999999999999	0.435742971890251
PI533800	1.07472800457662	0.0999999997290603	9.74728007488485	9.89294921665158	0.800000000000002	11.3661865208144	6.5	3.680771392893	0.765934176882187	41.787233320784	20.0666666666663	1.08242026515539
PI533807	0.374994606032795	0.100000002449474	2.749945968474	5.21468957348272	1.07342393111645	3.85799638178274	4.9999999999922	4.40156391680044	0.135959875740433	25.3334175702801	19.9705691330453	0.268537586560861
PI533810	NA	0.133333335394516	NA	NA	0.833908045526627	NA	5.16666666666667	3.2142944328077	0.607403047440668	36.0000000000047	24.2854658199428	0.482368107201062
PI533814	0.62946434960076	NA	NA	5.99084798327006	NA	NA	5.16666666665887	3.33333333333331	0.549999999997672	36.4794744364574	22.3666666666663	0.630975012062206
PI533821	1.37946434960057	0.599999990450933	1.29910728592483	16.2408479832367	2.58402491346488	5.28509729090018	6.2499999999922	5.11137509782425	0.222762931770088	40.5961411031891	23.8073942861601	0.705190438534836
PI533822	0.771901134288065	0.133333333333333	4.7892585071605	8.02995916623826	0.866666666666669	8.26533749950566	5.33333333333333	4.16666666666667	0.279999999999998	36.2231486202701	18.3999999999996	0.968649381536461
PI533824	0.253540029202949	0.200000000400033	0.267700143479136	3.64216345109415	1.3465652201722	1.7047805754469	5.33333333303009	4.82853199213018	0.104545510255014	31.2590803278705	21.138021588243	0.478808231762657
PI533830	0.593730398076531	0.100000002137883	4.9373038538327	6.00345174468531	0.598569966182744	9.02965749011946	6.49999999984448	4.27804176449092	0.519386756295019	43.7405079860454	20.582040071304	1.12517844851685
PI533831	0.287100154143575	0.133333335394516	1.15325112278998	2.88242862665615	1.01059844224603	1.85219975230718	4.66666666634002	3.04762776614103	0.531245619358906	27.4172702624089	19.4842332584382	0.407151613242727
PI533833	0.766666666666671	0.166666667313095	3.5999999821586	8.63333333333344	0.927558438448165	8.30758966278964	6	4.00000000000001	0.499999999999996	36.1666666666721	22.0017386042614	0.643809487840528
PI533838	0.433333333333328	0.15	1.88888888888885	3.66666666666672	0.999999999999999	2.66666666666672	6	4.25	0.411764705882353	29.4666666666706	22.9999999999999	0.281159420290032
PI533839	0.500000000000007	0.100000000334956	3.99999998325227	5.46666666666675	0.651203410775585	7.3947144259517	5.33333333333334	3.93339020682002	0.355912597760067	32.2000000000025	16.2120319529714	0.986179159614891
PI533841	0.987199749975847	0.100000001788041	8.87199732324311	8.53744400510882	0.594253704805836	13.3666651735866	5.66666666666667	3.66666666666667	0.545454545454545	28.2897560049337	15.6278438376875	0.810214915042293
PI533842	NA	NA	NA	NA	NA	NA	NA	NA	NA	NA	NA	NA
PI533843	0.433333333333329	0.100000002114517	3.33333324170422	4.33333333333343	0.533908045526627	7.11625404344524	5.83333333333333	3.49999999999998	0.666666666666675	42.3000000000057	15.3854658199428	1.7493480207259
PI533845	0.761306553848156	0.266666668858002	1.85489955347043	7.35640176054982	1.29856996618274	4.66500223486194	5.66666666665887	4.47459584147073	0.266408602569193	30.9406620915826	24.8153734046374	0.246834435535857
PI533852	0.500000000000007	0.199999990504386	1.50000011869522	5.26666666666661	0.650691580131544	7.09395238463344	6	3.82853199213018	0.567180321944136	28.3000000000048	14.1407276194934	1.00131144319564
PI533855	0.81367315434595	0.1666666670667	3.88203891435783	8.99242767356369	0.751203410775585	10.9706960119888	5.5	4.47459584147073	0.229161290730614	24.4183793888664	15.9120319529714	0.534585869424837
PI533856	1.42009062512173	0.166666666666667	7.52054375073036	10.3564361670033	0.799999999999999	11.9455452087541	6.25	4.00000000000006	0.562499999999976	35.6897061082722	13.9999999999999	1.54926472201946
PI533863	0.605458287518803	0.1	5.05458287518803	7.01946161794775	0.533333333333336	12.161490533652	5.49999999967335	3.33333333333332	0.649999999902012	33.1612188105298	17.5999999999996	0.884160159689236
PI533866	0.284345089334197	0.133333333333333	1.13258817000648	3.34281875623167	0.866666666666665	2.8570985648827	6	3.49999999999997	0.714285714285729	18.3473844640062	21.3999999999996	-0.142645585794087
PI533869	0.690989862483846	0.233333335198192	1.96138510126263	6.73975721954906	1.19425370480584	4.64348864267899	5.33333333353932	4.14126250813739	0.287852031369556	35.0574264640804	23.4278438376875	0.496400040352191
PI533871	0.751011756000868	0.200000001799783	2.75505874621289	7.75948542289831	0.82758703813917	8.3760354685418	6.75	4.73489725013378	0.425585317571418	25.7140511306733	30.4278438376875	-0.154917079637952
PI533876	0.333333333333333	0.100000000011742	2.33333333294193	3.4666666666668	0.700000000000002	3.95238095238113	5.16666666666667	3.40156391680044	0.518909182081903	28.1666666666727	20.4999999999996	0.37398373983772
PI533877	0.689357529784486	0.166666666989881	3.13614517068575	6.90292450838284	0.684536744108918	9.0840817790849	5.83333333333333	4.00000000000001	0.458333333333329	35.8884965634475	17.8786986196381	1.00733271067209
PI533878	0.845085231154525	0.133333331865245	5.33813930344605	8.08779240715262	1.06323188683888	6.60680008497359	5.2499999999922	3.5	0.499999999997771	33.5897903452146	23.4482535115267	0.43250713016654
PI533882	NA	NA	NA	NA	NA	NA	NA	NA	NA	NA	NA	NA
PI533901	0.766666666666673	0.100000000323214	6.66666664188699	7.89999999999992	0.596565220172197	12.2424749765325	5.83333333333333	4.33333333333335	0.34615384615384	28.1666666666709	14.388021588243	0.957646956110141
PI533902	0.870701298049197	0.100000000593095	7.70701292885111	8.1162953284618	0.527558438448165	14.3846374864863	5.16666666666667	3.38096109947436	0.52816507337808	41.7380357933495	14.9017386042614	1.80088363524333
PI533903	0.466666666666674	0.200000000076818	1.33333333243716	4.80000000000004	1.2	3.00000000000003	5.83333333333333	4.14126250813739	0.408588159256048	34.0333333333372	23.3333333333329	0.458571428571621
PI533910	0.700000000000002	0.200000001788041	2.49999996870929	8.90000000000003	0.794253704805837	10.2054875490643	5.83333333333334	4.16666666666664	0.40000000000001	34.366666666666	23.2278438376875	0.479546138970747
PI533911	0.550257812647941	0.100000002114517	4.50257801012646	4.97741800151703	0.93791753754772	4.30688232414439	4.50000000021379	4.00000000000006	0.12500000005343	27.3539953804594	25.7355111425886	0.0628891429007772
PI533912	NA	0.166666663807308	NA	NA	0.895411169541582	NA	5.66666666666667	4.14126250813739	0.368342783277305	46.5563727749388	20.4902301271903	1.27212542201559
PI533913	NA	NA	NA	NA	NA	NA	NA	NA	NA	NA	NA	NA
PI533915	1.0052344676214	0.233333333603213	3.30814771339451	9.5632924995716	1.08453674410892	7.81785937776504	5.66666666666667	3.54762776614103	0.597311510736834	42.6898152869371	23.0453652863048	0.852425195113155
PI533919	0.841394671243283	0.26666666373049	2.15523005190349	8.35961588331829	1.12874450287492	6.4061188001592	5.16666666666667	3.66666666666665	0.409090909090916	43.0872333207839	24.5235634605237	0.756972773966666
PI533921	NA	0.0999999999999998	NA	NA	0.8	NA	NA	4.49999999999997	NA	NA	20.0999999999997	NA
PI533924	0.43710015414358	0.100000002437732	3.3710014348825	5.56576195998952	0.673423931116454	7.26487106088162	5.24999999967335	4	0.312499999918338	31.9172702624071	15.6039024663786	1.04546717279082
PI533927	0.590621058479697	0.1	4.90621058479697	6.53917495688518	0.733333333333336	7.91705675938885	4.6666666668066	3.66666666666672	0.272727272765418	32.3114155761184	20.1666666666663	0.602218954187719
PI533936	0.766666666666676	0.100000000323214	6.66666664188702	7.79999999999997	0.817870077442252	8.5369670747622	5.66666666666667	3.99999999999996	0.416666666666682	37.4666666666658	18.9453652863048	0.977616483000708
PI533937	0.664182499418472	0.166666668781184	2.98509494595152	7.17257227604475	1.03190329951608	5.95081823985677	5.83333333303008	3.83333333333333	0.521739130355674	32.5372504310923	24.982040071304	0.302425676134701
PI533938	0.880339821012624	0.13333333405658	5.60254862178015	9.45909434023029	0.794225105114831	10.9098405216776	5.66666666666667	3.30792917480406	0.713055620969372	33.3517127221992	20.7350719375947	0.608468628542798
PI533939	0.574323195817183	0.1	4.74323195817183	5.7564238862159	0.36666666666667	14.6993378714978	5.50000000020599	3.49999999999997	0.571428571487439	35.7907597974119	24.1666666666663	0.480996957134308
PI533940	0.422690863117821	0.166666665198578	1.53614520104664	4.70292450838284	0.729898553505547	5.4432577456082	6.16666666666667	3.83333333333332	0.608695652173919	39.7218298967805	15.3149201781934	1.5936687514271
PI533943	0.649207299460356	0.166666666666667	2.89524379676213	6.89960526733634	1.03333333333333	5.6770373554868	5.49999999969675	3.66666666666672	0.499999999917274	36.8478656458814	23.0999999999996	0.595145698955932
PI533948	1.07472800457662	0.266666666690032	3.0302300168092	10.3262825499849	0.999999999999999	9.32628254998491	5.16666666666667	3.77804176449092	0.367551495917056	39.0872333207834	22.4666666666665	0.739787833269304
PI533949	0.847006487679279	0.100000002114517	7.47006469769183	8.12576100689698	0.804584204214387	9.09932952242226	6.33333333333333	4.16666666666664	0.520000000000009	41.8850460555327	20.9355111425886	1.0006698556467
PI533954	0.729464349600754	0.133333334068323	4.47098259184729	9.12418131660332	0.894225105114831	9.20345018767019	5.9999999999922	3.91363797161169	0.533100415397216	39.612807769793	25.1350719375947	0.575997389947544
PI533955	0.800000000000002	0.166666666395727	3.80000000780307	7.46666666666677	1.13333333333333	5.58823529411776	5.5	3.680771392893	0.494251995823389	33.3000000000062	24.0999999999997	0.381742738589486
PI533956	NA	NA	NA	NA	NA	NA	NA	NA	NA	NA	NA	NA
PI533957	0.852978614482029	0.266666668454707	2.19866978286004	9.84171218706722	1.3609203714725	6.2316590987749	6.16666666666667	4.33333333333339	0.423076923076905	37.9739111879735	25.1611771710208	0.50922633427937
PI533961	1.00557717066174	0.166666668401373	5.03346296117272	10.2655214926963	1.1609203714725	7.8425715879855	6.16666666636342	4.78732635747795	0.288123308479042	42.6244837518734	25.2945105043542	0.685127836118276
PI533962	1.13333333333334	0.100000000375489	10.333333290778	9.6	0.560891771781498	16.1156014100699	5.66666666666667	3.51410472622633	0.612549172019668	39.4	18.5350719375948	1.12569986955836
PI533964	0.599999999999817	0.100000002114517	4.99999987312715	5.73333333330008	1.51059844224603	2.79540529962118	5.5	3.66666666666665	0.500000000000007	45.8666666667336	22.1175665917715	1.07376640989961
PI533965	1.30297861448203	0.100000002114517	12.0297858693033	10.6583788537339	0.743931775579361	13.3270918162265	5.5	3.66666666666667	0.499999999999999	41.7405778546398	18.3175665917715	1.27871849928965
PI533967	1.05297861448203	0.100000000011742	9.52978614358389	8.24171218706717	0.666666666666665	11.3625682806008	6.16666666666667	3.73489725013377	0.651094060605229	35.0072445213069	16.8999999999999	1.07143458705959
PI533970	0.103866416642517	0.200000000088561	-0.480667917017378	1.73744400510882	1.35	0.286995559339867	5.33333333333333	5.07117945683429	0.0516948529884389	31.5230893382662	27.2999999999999	0.154691917152612
PI533972	1.64139467124329	0.233333333410152	6.03454858872674	14.3596158833182	1.1	12.054196257562	5.5	3.82853199213018	0.436581961782125	46.9872333207832	20.3999999999996	1.30329575101883
PI533976	0.500000000000004	0.133333333345075	2.7499999996698	5.76666666666679	0.733333333333335	6.86363636363651	5.66666666666667	3.40156391680044	0.665900393251119	34.5000000000024	15.1333333333332	1.27973568281956
PI533979	0.946224330105238	0.133333335459593	6.09668236261886	9.41971638578739	0.83791753754772	10.241817916063	5.50000000020599	4.73489725013378	0.161588036583179	44.4139084176796	19.768844475922	1.24666183558552
PI533980	0.418048916060975	0.1	3.18048916060975	2.6100162811535	0.466666666666668	4.5928920310432	5.49999999969675	4.16666666666664	0.319999999927228	30.527006436023	16.2999999999999	0.872822480737619
PI533985	0.8707012980492	0.200000002114517	3.35350644421818	10.6162953284618	1.16724137885996	8.0952013188829	4.83333333333334	4.16666666666668	0.159999999999998	42.3380357933487	20.6854658199428	1.04675283418228
PI533986	1.09062105847951	0.200000000088561	4.45310528998289	10.7391749568518	1.2	7.94931246404317	5.1666666668066	4.49697130494502	0.148921422096948	30.4447489095132	23.05	0.320813401714239
PI533987	0.666666666666673	0.133333333656548	3.9999999878795	7.00000000000001	1.18453674410892	4.90948320920668	4.83333333333334	4.16666666666665	0.160000000000006	37.9000000000044	20.3453652863048	0.862832122533393
PI533989	1.14139467124328	0.100000000088561	10.4139467023245	9.62628254998494	0.666666666666666	13.4394238249774	5.16666666666667	3.41363797161169	0.51353679260467	39.65389998745	22.4333333333331	0.767632986067626
PI533991	0.733333333333332	0.299999998555277	1.44444445621626	7.63333333333336	1.16323188683888	5.56217682793857	6.25	3.61137509782425	0.730642713842006	40.4000000000049	23.5815868448601	0.713201077849033
PI533996	0.540524112598639	0.15000000008856	2.60349408186342	4.38886479365939	0.800000000000002	4.48608099207422	5.33333333300669	3.32117945683429	0.60585520967011	32.7736430373433	17.6666666666663	0.855111870038339
PI533997	0.600000000000001	0.100000002191336	4.99999986851985	6.1666666666667	0.571250870881054	9.79502365949255	5.66666666666667	3.97459584147073	0.425721480292652	42.5333333333381	21.2355111425886	1.00293428529893
PI534009	1.37085902084404	0.099999997063823	12.7085906109489	11.0171305332549	0.355411169541583	29.9982675768604	5.16666666665887	4	0.291666666664717	49.1333744239054	23.956896793857	1.05090729599437
PI534021	0.818358133375235	0.2333333237609	2.50724928692062	8.97036632462497	0.917358246798211	8.77847679021101	5.16666666666667	3.49999999999997	0.47619047619049	27.5772818814579	16.7407276194934	0.647316801770677
PI534028	0.630597633660558	0.233333331942063	1.70256130323093	5.53651234174729	1.02989855350555	4.37578417107414	4.50000000021379	3.97459584147073	0.132190587345013	22.9390414359883	23.4149201781934	-0.0203237396746837
PI534037	0.833333333333335	0.100000000400033	7.33333329999727	7.1666666666668	0.684536744108918	9.46936739092927	6.16666666666667	3.99519865879685	0.543519407498939	33.1000000000057	20.4453652863048	0.618948819768827
PI534046	0.284345089334203	0.100000001876601	1.8434508399818	3.44281875623163	0.594253704805837	4.79351668889724	6	3.91363797161169	0.533100415399209	20.5807177973399	23.1611771710208	-0.111413135637577
PI534047	0.700000000000005	0.166666666666666	3.20000000000005	6.10000000000009	0.800000000000002	6.62500000000009	5.83333333333333	3.66666666666668	0.590909090909084	31.5000000000026	18.4333333333332	0.708860759493824
PI534053	0.73762754615898	0.100000002437732	6.37627528177598	8.7982692971154	0.806757264449787	9.90572057397694	4.75000000013993	3.99999999999998	0.187500000034988	28.9131282983121	19.9372357997119	0.450207470522564
PI534054	0.90000000000001	0.20000000178804	3.49999995976915	9.46666666666665	0.72758703813917	12.0110435871397	6	4.16666666666665	0.440000000000006	35.7999999999994	23.1445105043542	0.546803074243644
PI534063	1.17302910002734	0.299999998531911	2.9100970192257	9.77048974955692	1.12989855350555	7.64722741634073	5.16666666651115	3.49999999999996	0.47619047614606	35.4691388593655	19.2815868448601	0.83953422219606
PI534070	0.599999999999821	0.100000002114517	4.99999987312719	6.43333333330006	0.66724137885996	8.64168820628596	5.00000000000001	3.16666666666673	0.578947368421024	38.3333333334005	21.7187991532761	0.764984015132266
PI534075	0.51152294579302	0.100000002191336	4.11522934583834	2.39386789132465	0.698569966182744	2.42681192609191	5.00000000020599	3.66186532546352	0.365424327715572	31.1805158023425	18.4153734046374	0.693178580592374
PI534079	0.835282612689835	0.200000002114518	3.17641301929367	8.31445099280863	1.20057471219329	5.92539240445873	4.66666666688046	3.83333333333339	0.21739130440358	31.3312772619136	27.2187991532761	0.151089623222504
PI534088	NA	NA	NA	NA	NA	NA	NA	NA	NA	NA	NA	NA
PI534092	1.57875843225812	0.166666668869745	8.4725504683361	13.2587319023152	0.898569966182744	13.7553695330373	5.00000000036152	3.58030463827836	0.396529207851386	43.9401313882532	24.3487067379707	0.804618695404079
PI534096	0.66666666666648	0.199999997063823	2.33333338226868	6.69999999996679	0.495411169541583	12.5241197855238	5.33333333333334	3.8333333333333	0.391304347826101	39.533333333401	17.956896793857	1.20156822123772
PI534097	0.450000000000005	0.100000002437732	3.49999989030211	4.55	0.706757264449787	5.43785388402366	5.16666666666667	4.3333333333334	0.192307692307675	38.2333333333374	21.8705691330453	0.748163621200365
PI534099	0.556024196451157	0.400000002061183	0.39006048396497	6.60292450838281	1.89856996618274	2.47784102034366	4.5	4.54762776614103	-0.0104731012717528	29.7384965634477	23.5487067379707	0.262850520597651
PI534101	0.517678422667537	0.100000002114518	4.17678411721134	4.74281875623165	0.898569966182744	4.27818526628464	5.66666666666667	4.16666666666664	0.360000000000009	23.5807177973392	22.0153734046373	0.0711023321717621
PI534105	0.970533083309176	0.199999990427567	3.85266564880496	8.40411067177551	1.04069158013154	7.0755055889981	6.33333333333334	4.49999999999998	0.407407407407415	34.2230893382665	20.3073942861601	0.685252615673603
PI534108	0.670701298049199	0.100000002114517	5.70701283867106	7.94962866179512	0.704584204214387	10.2827233625809	4.5	3.33333333333334	0.349999999999997	33.5380357933494	23.8355111425886	0.407061740472794
PI534112	0.518358133375228	0.166666667324837	2.11014878796932	5.73369965795837	0.860891771781498	5.66018638567455	5	3.43339020682002	0.456286556089109	35.8439485481253	22.6684052709281	0.581229385998963
PI534114	0.788754087939064	0.166666668781184	3.73252446759235	8.18660842770552	0.910598442246027	7.99036067699932	6.16666666654648	4	0.54166666663662	41.3774190605838	21.2842332584382	0.944040856824363
PI534115	NA	NA	NA	NA	NA	NA	6.2499999999922	4.25	0.470588235292282	37.4000842369423	24.7499999999997	0.511114514623949
PI534116	0.799554974722486	0.2	2.99777487361243	7.84728415027326	1.26666666666667	5.19522432916308	4.9999999999922	3.66666666666665	0.363636363634243	34.5858472113936	20.9333333333332	0.652190153410533
PI534117	0.923954391813028	0.266666668781184	2.4648289418247	9.50584162355177	1.00057471219329	8.50038163838328	5.33333333347326	3.3333333333333	0.600000000041994	40.511415576117	24.2854658199428	0.668134178544343
PI534123	0.576933006295058	0.25	1.30773202518023	6.48088714395225	1.1	4.89171558541114	5.1666666668066	3.75000000000001	0.37777777781509	35.318660097419	23.1999999999996	0.52235603868188
PI534124	0.647006487679284	0.299999998620472	1.15668830218165	7.85909434023034	1.89656522017221	3.14385661860694	6	4.57117945683429	0.312571527033249	34.3517127221994	25.1982535115267	0.363257683969468
PI534127	0.533333333333335	0.0999999999466656	4.33333333617785	5.63333333333345	0.599999999999999	8.3888888888891	5.83333333333333	3.62065969081129	0.611124444569448	33.7666666666689	20.5333333333333	0.644480519480631
PI534128	2.03719974997584	0.3	5.7906658332528	21.4374440051088	1.3	15.4903415423914	6.5	4.00000000000001	0.624999999999996	43.8230893382664	24.3333333333331	0.800948876915075
PI534132	0.829464349600755	0.100000000323214	7.2946434691981	9.59084798327002	0.796565220172197	11.0402545082206	5.2499999999922	3.24999999999997	0.61538461538223	36.9961411031258	17.088021588243	1.16503361211693
PI534133	0.747006487679291	0.200000001843578	2.73503240396734	7.62576100689696	0.931903299516077	7.18299603709623	6.33333333333334	3.680771392893	0.720653813372389	36.6517127221994	19.9153734046374	0.840372860579398
PI534135	0.850000000000002	0.100000000323214	7.49999997252683	9.20000000000003	0.729898553505531	11.6044913444678	5	3.66666666666667	0.363636363636362	47.2666666666708	20.488021588243	1.30703908930839
PI534137	0.766666666666479	0.166666669181217	3.59999993059729	6.83333333330011	1.00675726444979	5.78746861293784	5.5	4.14126250813739	0.32809740729856	35.7333333334008	20.3372357997119	0.757039830059255
PI534138	NA	NA	NA	NA	NA	NA	NA	NA	NA	NA	NA	NA
PI534139	0.908327939366126	0.133333333679913	5.81245952753799	7.54802290681602	0.996565220172197	6.57403805995938	5.66666666665887	4.11137509782425	0.378289874270456	32.3000842369472	16.6213549215763	0.943288281210951
PI534144	0.799999999999997	0.333333333279999	1.400000000384	6.80000000000013	0.866666666666668	6.84615384615398	5.5	3.62065969081129	0.519060190594052	35.4333333333392	19.7333333333332	0.795608108108418
PI534145	0.566666666666674	0.200000000400033	1.83333332766624	5.3666666666667	1.06323188683886	4.04750349674196	5.16666666666667	4.47459584147073	0.154666667049971	34.4666666666703	24.6546882549096	0.397976170305329
PI534148	0.450257812647942	0.166666666989881	1.70154687064858	3.77741800151707	1.12989855350553	2.34314792226042	4.83333333354713	3.66666666666663	0.31818181824014	29.8873287137945	26.688021588243	0.119878017745643
PI534155	0.737363761014839	0.250000000076819	1.94945504315306	7.199116018997	0.95	6.5780168621021	4.50000000036151	3.57853199213018	0.257498887884138	28.5862314008074	14.1499999999997	1.02022836754827
PI534157	1.65297861448203	0.200000002114517	7.26489298502887	17.5083788537339	1.21059844224603	13.4625816808838	6	3.75000000000007	0.59999999999997	53.14057785464	23.5342332584382	1.25801186174555
PI534163	0.40586321279318	0.266666666666667	0.521987047974423	4.10094959914437	0.833333333333332	3.92113951897325	5.74999999987981	4	0.437499999969952	28.8608022905786	20.4333333333329	0.412437306227368
PI534167	1.18469881722215	0.1	10.8469881722215	10.4041404828415	1	9.4041404828415	6.2499999999922	4.3333333333333	0.442307692305903	40.1859563900587	21.4999999999999	0.869114250700413
PI540816	NA	NA	NA	NA	NA	NA	NA	NA	NA	NA	NA	NA
PI542406	NA	NA	NA	NA	NA	NA	NA	NA	NA	NA	NA	NA
PI542718	1.09165248389122	0.1	9.9165248389122	10.3703672181685	0.899999999999999	10.5226302424095	5.16666666688046	3.66666666666672	0.409090909149196	45.1745620345723	21.6666666666666	1.08497978621104
PI548797	0.322690863117818	0.100000002114518	2.22690856294462	4.3695911750495	0.504584204214387	7.65978589609784	5.5	3.16666666666667	0.736842105263156	35.7384965634473	17.068844475922	1.09378535341754
PI552856	1.00806133790995	0.2333333237609	3.32026305399449	9.59294921665158	0.817358246798211	10.7365295502058	5.83333333333333	3.49999999999998	0.666666666666675	44.5538999874498	18.9740609528267	1.34814782656278
PI552861	NA	NA	NA	NA	NA	NA	NA	NA	NA	NA	NA	NA
PI561071	0.518358133375228	0.100000002114517	4.18358122414457	5.07036632462503	0.56523663284941	7.97034273781026	6.16666666666667	4.16666666666667	0.48	37.677281881458	14.3487067379707	1.62583120343197
PI561072	0.536569760463303	0.0999999967928833	4.36569777671722	5.21913018858414	0.66207783620825	6.88295560303655	5.50000000021379	3.51410472622633	0.565121255256397	39.3279065684285	21.9235634605237	0.793864699014083
PI561073	0.674994606032799	0.300000002114517	1.24998200425058	7.88135624014941	1.59856996618274	3.9302541689617	5.9999999999922	4.50000000000001	0.333333333331597	33.7667509036117	21.5487067379707	0.566996632986412
PI561472	0.72533495181804	0.133333334003127	4.44001211130766	5.46590930911414	1.02755843844816	4.31931723257401	4.66666666687266	3.77804176449092	0.235207802818315	34.0714775947489	24.5684052709281	0.386800535851866
PI562730	NA	NA	NA	NA	NA	NA	NA	NA	NA	NA	NA	NA
PI564163	0.723581031369807	0.139347844144034	4.1926245132425	7.16521519855312	0.709555860447626	9.09816928864898	5.31573380437932	3.58477580921627	0.482863667711897	38.7643734576441	19.2973316203106	1.00879449140234
PI564164	2.17946434960076	0.100000002437732	20.7946429647126	19.79084798327	1.00675726444979	18.6580135869057	6.7499999999922	4.16666666666663	0.619999999998142	48.2961411031214	22.1372357997119	1.18166990405143
PI564165	0.864182499418463	0.2	3.32091249709232	10.1059056093781	1.26666666666667	6.97834653371953	5.49999999969675	3.66666666666666	0.499999999917298	39.0372504310956	20.6333333333333	0.891950747872165
PI565121	0.451691466708556	0.15	2.01127644472371	5.17036632462499	0.850000000000002	5.0827839113235	5	3.00000000000006	0.666666666666633	34.1106152147914	15.1499999999999	1.25152575675192
PI566819	0.680849166084942	0.0999999970638229	5.8084918607588	7.32257227601141	0.762077836208249	8.60869340124781	5.33333333303008	3.50000000000006	0.523809523722854	35.7039170978238	19.9902301271903	0.786068337915733
PI576130	0.407374189361535	0.100000002114517	3.07374180747539	3.02997517245515	0.698569966182744	3.33739685233264	4.66666666651114	3.3333333333334	0.399999999953314	18.0165233233691	19.282040071304	-0.0656318907778992
PI576332	0.604034631382529	0.299999999946666	1.01344877163305	6.98296199512851	1.3	4.37150922702193	6	4.28732635747795	0.399473587900489	40.3380357933494	21.4666666666666	0.879101046274046
PI576333	0.366666666666487	0.200000000011742	0.8333333332248	4.96666666663338	0.933333333333333	4.32142857139291	5.5	4.23489725013378	0.298732808647543	34.7333333334003	17.1666666666664	1.02330097087772
PI576337	0.750257812647939	0.0999999970638228	6.50257834676839	7.14408466818367	0.445411169541582	15.039302910918	5.33333333354712	3.33333333333334	0.600000000064133	37.4539953804598	16.456896793857	1.2758844422261
PI576339	0.477855653764412	0.133333333656548	2.58391739454528	4.90499994960833	0.784536744108919	5.25209715980793	5.49999999969675	4.16666666666666	0.319999999927222	25.9889631532893	19.9453652863048	0.303007630105138
PI576340	0.666666666666667	0.100000002114517	5.66666652569887	4.43333333333339	0.765236632849411	4.79341492947818	5	4	0.25	26.3666666666711	15.082040071304	0.748216192372934
PI576345	0.389357529784491	0.100000000088561	2.89357529439672	4.93625784171615	0.866666666666666	4.6956821250571	5.5	3.91363797161169	0.405342047449275	43.988496563447	23.4666666666666	0.874509796737804
PI576347	1.02043348747692	0.1	9.2043348747692	11.6490952933226	0.833333333333332	12.9789143519871	5.83333333300668	3.50000000000001	0.666666666573332	39.5172702624093	19.6333333333332	1.01276418993597
PI576348	0.6975158327518	0.100000000334957	5.97515830415422	5.57257227604477	0.584536744108918	8.53331391431985	5.83333333303008	3.40156391680044	0.714897463551706	37.937250431092	25.9453652863048	0.462197583747918
PI576349	NA	NA	NA	NA	NA	NA	NA	NA	NA	NA	NA	NA
PI576350	NA	NA	NA	NA	NA	NA	NA	NA	NA	NA	NA	NA
PI576352	0.676453058482399	0.1	5.76453058482399	5.09359258322681	0.700000000000002	6.27656083318114	4.66666666651114	3.50000000000007	0.33333333328887	32.9588449676347	14.8999999999999	1.21200301796208
PI576359	0.604030427681508	0.1	5.04030427681508	5.56578268566375	0.533333333333335	9.4358425356195	7.16666666702818	4.5	0.592592592672929	34.8862314008088	17.1333333333332	1.03616136580598
PI576364	0.487996350163123	0.1	3.87996350163123	5.08218489311282	0.433333333333333	10.7281189841065	4.83333333353932	4.00000000000007	0.208333333384809	28.6424725196089	15.1999999999999	0.884373192079545
PI576366	NA	NA	NA	NA	NA	NA	NA	NA	NA	NA	NA	NA
PI576373	1.21367315434595	0.100000000646429	11.1367314650041	9.42576100689699	0.827558438448164	10.3898433862534	5.83333333333333	4.3333333333333	0.346153846153856	33.0183793888666	18.2684052709281	0.80740348701434
PI576375	0.600000000000012	0.0999999999466656	5.00000000320018	6.40000000000007	0.466666666666668	12.7142857142858	4	2.54762776614103	0.570088084751456	30.2000000000021	20.5666666666666	0.468395461912587
PI576376	0.840989862483653	0.100000000023366	7.40989862287147	8.8397572195159	0.866666666666669	9.19971986867216	5.00000000020599	3.77804176449092	0.323436931587157	45.9574264641433	22.8666666666663	1.00979999114333
PI576380	1.53333333333335	0.300000002203078	4.11111107357725	15.4999999999999	2.40057471219329	5.45678716903516	6.33333333333334	3.58030463827836	0.768936996483856	42.6333333333373	23.2521324866095	0.833523585756665
PI576381	0.583827780567157	0.299999998260972	0.946092613171555	7.94761779644518	1.19656522017221	5.64202641231822	5.83333333303008	3.680771392893	0.5848127227606	37.5111616190629	23.2149201781934	0.615821261978685
PI576385	0.27053308330918	0.100000000088561	1.70533083069593	1.90411067177553	0.8	1.38013833971941	6	3.98784612350096	0.504571594335379	28.7897560049336	20.3999999999997	0.411262549261472
PI576386	0.451011756000875	0.166666667401656	1.70607052407165	3.80948542289829	0.927558438448164	3.10700314394389	NA	4.65451279016763	NA	NA	23.6684052709281	NA
PI576387	NA	NA	NA	NA	NA	NA	NA	NA	NA	NA	NA	NA
PI576390	0.483591145981281	0.100000000646429	3.83591142855208	4.47741800151686	0.660891771781498	5.77481274951804	5.33333333354712	3.16666666666666	0.684210526383305	26.8539953804598	20.3684052709281	0.318414231416959
PI576391	NA	NA	NA	NA	NA	NA	NA	NA	NA	NA	NA	NA
PI576393	0.747006487679287	0.1	6.47006487679287	8.27409434023032	0.499999999999999	15.5481886804607	5.33333333333334	3.66666666666666	0.454545454545459	30.4850460555325	18.7999999999999	0.621545002953865
PI576394	0.537199749975854	0.133333333333333	3.02899812481891	4.73744400510879	0.899999999999999	4.26382667234311	6.33333333333333	4.49999999999997	0.407407407407416	31.7230893382662	20.8999999999999	0.517851164510352
PI576396	0.433333333333339	0.200000002114517	1.16666664375943	4.73333333333334	1.26523663284941	2.74106567138632	6	5.49999999999997	0.0909090909090969	34.1999999999992	25.8487067379707	0.323083601306861
PI576399	0.685024800041902	NA	NA	6.43703299129164	NA	NA	6.16666666666667	4.16666666666667	0.48	39.2106152147914	27.3999999999996	0.431044350904817
PI576401	NA	NA	NA	NA	NA	NA	NA	NA	NA	NA	NA	NA
PI576418	NA	NA	NA	NA	NA	NA	NA	NA	NA	NA	NA	NA
PI576422	0.620090625121739	0.166666657094234	2.72054396441837	6.05643616700328	0.684024913464877	7.85411634544838	5.16666666666667	3.83333333333335	0.347826086956517	32.523039441605	15.0407276194934	1.16233152174459
PI576425	0.60403463138253	0.333333335394517	0.812103882942353	6.51629532846182	1.06724137885996	5.10573714394639	6	3.45399302414462	0.737119895164206	46.0380357933489	24.5854658199428	0.872571222791499
PI576426	0.456024196451154	0.0999999999466655	3.56024196694372	7.00292450838286	0.949999999999999	6.37149948250828	4.25	3.54762776614103	0.197983633052625	28.4384965634477	18.9999999999999	0.496762977023571
PI576428	0.651691466708564	0.333333331865245	0.955074408736358	8.09369965795833	1.22989855350555	5.58078638672194	4.66666666666667	3.16666666666672	0.473684210526292	36.2439485481245	23.8815868448601	0.517652440081681
PI576434	0.900000000000003	0.100000000334956	7.99999996985399	10.8666666666667	0.996565220172197	9.9041199178003	6.33333333333334	4.76672354015335	0.328655475817587	43.5666666666703	18.688021588243	1.33126157635001
PI576435	NA	NA	NA	NA	NA	NA	NA	NA	NA	NA	NA	NA
PI576437	NA	NA	NA	NA	NA	NA	NA	NA	NA	NA	NA	NA
PI585291	NA	NA	NA	NA	NA	NA	NA	NA	NA	NA	NA	NA
PI585295	NA	NA	NA	NA	NA	NA	NA	NA	NA	NA	NA	NA
PI595699	1.0052344676214	0.166666666666666	5.03140680572842	7.52995916623823	0.999999999999998	6.52995916623825	5.5	3.99999999999998	0.375000000000007	39.4898152869373	20.8333333333329	0.89551113377303
PI595702	0.54098986248384	0.100000002526292	4.40989848816857	5.2230905528826	0.873423931116454	4.9800176830582	5.33333333353932	3.32117945683429	0.605855209830484	34.9574264640818	15.2705691330452	1.28920259353233
PI595714	0.588375517015708	0.133333335447851	3.41281630763547	4.00860144189528	1.03791753754772	2.86215792380421	5.16666666702818	3.99999999999996	0.291666666757058	16.6002825314759	24.768844475922	-0.329791805685034
PI595718	0.391354325935154	0.100000000334957	2.91354324624285	5.1497634357517	0.596565220172197	7.63235613076008	5.16666666654648	4.23489725013378	0.220021729307191	30.7428761824261	18.7213549215763	0.642128804843876
PI595720	0.560228850003182	0.100000002203078	4.60228837660904	3.02460042133233	0.937917537547721	2.22480420745778	4.83333333317781	3.58030463827836	0.349978234115292	29.8255615309628	24.068844475922	0.239177126297015
PI595739	1.10199679615068	0.199999999946666	4.50998398222275	12.3135055940356	1.3	8.47192738002738	5.83333333321314	3.95399302414462	0.475301877770784	42.9210462856479	22.4499999999997	0.911850614060065
PI595740	0.433333333333332	0.133333331865245	2.25000003578464	4.70000000000005	0.929898553505547	4.05431477689896	4.66666666666667	3.83333333333335	0.217391304347822	28.7000000000043	22.4482535115267	0.278495896585784
PI595741	0.651036915360791	0.266666666666667	1.44138843260296	5.99154369256063	0.566666666666669	9.57331239863636	6.00000000036151	3.66666666666663	0.636363636462246	32.4046107896692	19.8333333333329	0.633845922168231
PI595743	0.423029100027335	0.133333333410152	2.17271824837708	5.62048974955691	0.900000000000002	5.24498861061877	5.49999999984448	4.14126250813739	0.328097407261006	35.7024721927003	19.5333333333332	0.827771613960779
PI595744	0.887363761014654	0.26666666872785	2.32761407808437	9.24911601896371	1.44393177557936	5.4055076392045	5.75000000036151	4.12065969081129	0.395407636593603	41.7862314008703	22.9508999251048	0.820679430315606
PI595745	NA	0.100000002437732	NA	NA	0.706757264449788	NA	5.4999999999922	3.50000000000006	0.571428571426316	31.5000842370101	16.6039024663786	0.897149438259766
PI597945	0.650000000000004	0.233333335459593	1.78571426032937	6.0000000000001	0.931903299516077	5.43843626599005	6	4.23489725013378	0.416799427615501	24.3500000000061	18.582040071304	0.310405095811277
PI597946	0.437363761014841	0.100000001876601	3.37363752807268	3.93244935233037	0.594253704805837	5.61745870581528	6.00000000036151	3.82117945683429	0.570195817322931	35.5528980674737	25.0945105043542	0.416759974708606
PI597949	NA	NA	NA	NA	NA	NA	NA	NA	NA	NA	NA	NA
PI597950	0.199999999999999	0.100000000323214	0.99999999353571	2.53333333333342	0.696565220172197	2.63689322976412	4.5	3.99999999999998	0.125000000000006	26.6666666666709	18.788021588243	0.419344050751896
PI597951	1.65297861448204	0.100000000646429	15.5297860379671	13.3083788537338	0.660891771781497	19.1370018843778	6	3.83333333333332	0.565217391304353	44.3905778546394	21.5017386042614	1.06451109241193
PI597952	1.19613101626743	0.13333333544785	7.97098247973603	11.2575146499365	0.74393177557936	14.1324557163449	6.4999999999922	4.33333333333332	0.499999999998205	35.5461411031262	17.6842332584382	1.01004706190273
PI597957	0.803866416642516	NA	NA	6.30411067177548	NA	NA	5.5	3.66666666666665	0.500000000000007	33.5230893382669	21.4999999999999	0.559213457593816
PI597958	1.15297861448203	0.100000000658171	10.5297860689346	9.20837885373387	0.427558438448165	20.53712340974	5.66666666666667	3.23489725013377	0.751730032980906	33.9405778546396	18.9350719375947	0.792471555772237
PI597960	0.923675708830202	0.166666666666667	4.5420542529812	7.40749487273081	0.799999999999999	8.25936859091352	5.16666666702818	3.66666666666665	0.40909090918951	34.5601425887761	23.5666666666664	0.466484126822199
PI597961	0.401550464134324	0.20000000034658	1.00775231719239	4.25553427117314	0.951203410775585	3.47384252722905	5.33333333303008	4.11137509782425	0.297213999241396	34.1419528911055	17.7786986196381	0.920385379242144
PI597964	0.749999999999816	0.133333335447851	4.62499991079241	8.19999999996674	0.671250870881054	11.2159990484687	5.16666666666667	3.50000000000001	0.476190476190473	31.1000000000676	15.668844475922	0.98483047348248
PI597965	0.72395439181303	0.133333333979762	4.42965791227358	6.87250829021847	0.894225105114831	6.68543429490938	4.6666666668066	3.99999999999996	0.166666666701662	28.1114155761166	23.8350719375947	0.179413917848382
PI597966	0.6	0.199999997140641	2.00000004289039	5.80000000000009	0.695411169541583	7.34038947609005	5.33333333333333	3.49519865879685	0.525902775199971	33.0666666666705	16.5235634605237	1.00118253823818
PI597967	NA	NA	NA	NA	NA	NA	NA	NA	NA	NA	NA	NA
PI597968	0.842312525188257	0.133333333279999	5.31734394143891	7.40954128151007	0.666666666666666	10.1143119222651	4.1666666668066	3.2142944328077	0.296292780237621	28.9886974575708	14.5999999999997	0.985527223121329
PI597971	0.707656529150508	0.166666663730489	3.24593924970404	5.6230905528825	0.795411169541583	6.06941361676281	5.66666666687266	4.16666666666666	0.360000000049441	35.2574264640755	19.1235634605237	0.843664050209917
PI597972	0.866666666666477	0.200000002114517	3.33333328751785	6.5333333333001	0.871250870881054	6.49879690414915	5.16666666666667	4	0.291666666666667	35.3666666667339	24.3355111425886	0.453294589109333
PI597973	1.02946434960077	0.2	4.14732174800385	8.12418131660337	1.13333333333333	6.16839527935594	5.9999999999922	3.83333333333332	0.565217391302318	39.9794744364577	23.1	0.730713179067433
PI597976	0.580339821012617	0.133333335459593	3.35254858818476	6.3524276735637	0.804584204214387	6.89529255022642	5	3.76672354015336	0.3274135854941	29.0850460555333	19.9021778092553	0.461400171091206
PI597980	0.517678422667529	0.133333333333333	2.88258817000648	4.24281875623164	0.9	3.7142430624796	4.66666666666667	3.66666666666667	0.272727272727272	22.3473844640061	22.1333333333333	0.00967098481955424
PI597982	0.522690863117829	0.133333335459593	2.92018141086879	9.3029245083828	0.810598442246027	10.4766128622281	6.66666666666667	3.93339020682002	0.694890747200082	42.8551632301139	21.8175665917715	0.964250369070799
PI598069	NA	NA	NA	NA	NA	NA	NA	NA	NA	NA	NA	NA
PI598070	0.366666666666674	0.166666667313095	1.19999999146719	3.26666666666677	0.460891771781498	6.08770879992071	5.16666666666667	4.66666666666667	0.107142857142857	31.0333333333352	24.5684052709281	0.263139914500559
PI601816	0.889055227723402	0.399999998531911	1.22263807746608	6.9028156769553	1.72989855350555	2.99030085490684	5.16666666702818	3.66666666666667	0.409090909189502	34.5635132822612	24.8815868448601	0.389120135213608
PI607931	0.772698094199862	0.233333333333333	2.31156326085656	9.19646758916401	1.16666666666667	6.8826865049977	5.49999999987981	3.50000000000006	0.571428571394204	41.3257487456611	18.133333333333	1.27899349700341
PI609456	0.541632814480563	0.100000000088561	4.41632814000888	4.01532704645005	0.566666666666665	6.08587125844129	5.1666666668066	3.32117945683429	0.555672234505331	26.3254667067855	18.3333333333329	0.43593454764288
PI613536	1.10000000000001	0.100000002384397	9.99999973771644	9.7000000000001	1.05675726444979	8.17902372315415	5.5	3.70399302414462	0.48488400603026	31.2000000000027	22.3372357997119	0.396770857404169
PI629034	0.955234467621398	0.233333323837719	3.09386217069343	8.76329249957161	0.917358246798211	8.55274837301294	5.75	4.30792917480406	0.334748034770449	47.2898152869373	18.7740609528267	1.51889111289037
PI629040	0.770701298049203	0.2	2.85350649024601	7.7496286617951	1.05	6.38059872551914	4.66666666666667	4	0.166666666666667	45.571369126682	23.6999999999996	0.922842579184927
PI629059	0.568663462817337	0.166666668781184	2.41198073361587	6.84683892736898	1.06724137885996	5.41545489426474	5.66666666654648	4.16666666666664	0.359999999971164	35.7877129523143	24.9521324866095	0.434254686308663
PI641824	0.553423958455059	0.133333331865245	3.15067973411468	4.97310283366996	1.22989855350555	3.0435065310836	5	4.49999999999998	0.111111111111116	30.523039441605	24.0815868448601	0.26748455731935
PI641836	0.703681771103005	0.1	6.03681771103005	5.85052083518694	0.599999999999999	8.75086805864492	5.66666666688046	4.16666666666665	0.360000000051316	32.7437014887272	17.8	0.839533791501528
PI641849	1.06683231431662	0.150000000646429	6.11221539812719	10.4738099783984	0.877558438448164	10.9351709464726	5.66666666665887	3.99999999999998	0.416666666664724	39.7508435631376	23.2350719375947	0.710812158012738
PI641874	1.53333333333334	0.166666668781184	8.19999988327869	12.0000000000001	1.11059844224603	9.80498544166132	5.33333333333333	4.3333333333333	0.23076923076924	30.4000000000025	26.1508999251048	0.162483894897191
PI642791	0.652978614482036	0.0999999970104886	5.52978634002907	6.47504552040048	0.66207783620825	8.77988563623178	5.5	3.54762776614103	0.550331760421044	32.973911187973	15.9235634605237	1.07076206715407
PI642793	NA	NA	NA	NA	NA	NA	NA	NA	NA	NA	NA	NA
PI642992	NA	NA	NA	NA	NA	NA	NA	NA	NA	NA	NA	NA
PI642998	0.45376682081024	0.133333333421894	2.40325115381634	7.91576195998945	0.933333333333332	7.48117352856014	5.83333333300668	3.82117945683429	0.526579266664274	45.683936929076	23.0333333333333	0.983383658281161
PI651492	NA	NA	NA	NA	NA	NA	NA	NA	NA	NA	NA	NA
PI651496	1.40806133790995	0.100000000023366	13.0806133758094	11.7596158833183	0.766666666666666	14.3386294130239	6.16666666666667	4.11137509782425	0.499903686708149	47.5538999874502	21.0333333333333	1.26088272523535
PI653616	NA	NA	NA	NA	NA	NA	NA	NA	NA	NA	NA	NA
PI653617	1.25636243336067	0.133333333333333	8.42271825020505	11.0204897495568	0.733333333333333	14.0279405675775	5.16666666651115	3.83333333333335	0.347826086915946	39.0024721926958	23.9333333333333	0.62962975735498
PI655970	0.545695904081991	0.300000002114517	0.818986334119045	6.89765156861112	0.948569966182744	6.27163184005161	4.33333333332553	4.00000000000006	0.0833333333313662	34.4381200302918	20.9487067379707	0.643925826116549
PI655971	1.27472800457662	0.200000000088561	5.37364002006082	11.2596158833182	1.23333333333333	8.12941828377154	6.16666666666667	3.91363797161169	0.575686538049188	34.9538999874505	27.0666666666663	0.291400245841785
PI655972	0.317678422667541	0.166666668781184	0.906070511822731	3.24281875623161	1.03190329951608	2.142560700942	5.83333333333333	4.49999999999998	0.296296296296301	23.5473844640058	20.8153734046373	0.13124967812299
PI655973	NA	0.133333335459593	NA	NA	0.810598442246027	NA	6	3.73489725013377	0.606469896805087	32.3850460555329	17.4842332584382	0.852242850849825
PI655974	0.653423958455064	0.166666668466449	2.92054370839363	5.80643616700332	0.960920371472504	5.04257786532884	4.66666666666667	3.60005687348669	0.296275817483671	36.8563727749383	24.2611771710208	0.519150225693173
PI655975	1.10403042768151	0.266666666666667	3.14011410380566	11.3991160189969	0.966666666666666	10.7921889851692	5.33333333369485	3.66666666666667	0.454545454644049	37.7195647341407	20.1333333333331	0.873488314609659
PI655976	0.851691466708562	0.133333333062394	5.38768601329428	8.23703299129166	0.766666666666666	9.74395607559783	5.66666666666667	3.180771392893	0.781538490734689	38.6439485481253	20.8333333333332	0.854909530310026
PI655977	0.986311947815364	0.0999999999999998	8.86311947815366	9.40837885373383	0.933333333333335	9.0804059147148	6	3.66666666666667	0.636363636363635	39.0405778546401	16.4666666666665	1.37088529481622
PI655978	NA	NA	NA	NA	NA	NA	NA	NA	NA	NA	NA	NA
PI655979	0.918358133375225	0.299999990374233	2.06119387613855	8.37036632462502	1.18402491346488	6.06941739944503	5.16666666666667	5.04762776614103	0.0235831376719457	36.4772818814582	15.7073942861601	1.32230000832147
PI655980	0.810058134060615	0.100000000011742	7.10058133965498	8.67312147735379	0.433333333333333	19.0148957169703	5.16666666654648	2.43339020682002	1.12323804545032	42.9749462730956	18.0666666666665	1.37868706308649
PI655981	0.717678422667534	0.100000000323214	6.17678420347897	6.50948542289835	0.596565220172197	9.91160731934625	5.33333333333334	3.33333333333339	0.599999999999975	29.0473844640066	21.2546882549096	0.36663422750023
PI655982	0.890621058479706	0.100000002114517	7.90621039647373	7.20584162355182	0.871250870881054	7.27068513144199	4.66666666680659	3.99999999999998	0.166666666701653	33.0114155761151	26.5355111425886	0.244046719082524
PI655983	0.833333333333345	0.166666667078441	3.99999998764684	7.9333333333334	0.984536744108919	7.05793524802741	5.33333333333334	3.65451279016763	0.459382861562978	29.6000000000028	16.3453652863048	0.810910890122693
PI655984	NA	0.100000002461097	NA	NA	0.873423931116454	NA	6.00000000013993	4.27804176449092	0.402510852030899	32.1345049143791	14.7705691330452	1.17557662300816
PI655985	0.703866416642521	0.166666666936546	3.2231984930166	6.40411067177546	1.12989855350553	4.66786341296446	5.33333333333334	4.62065969081129	0.154236340741406	30.3897560049331	25.088021588243	0.211325329023738
PI655986	0.599997432909935	0.35000000178804	0.714278370984962	5.96162532171211	1.39425370480584	3.27585402940874	6.66666666665887	4.66666666666673	0.428571428569738	33.1692304413884	23.3278438376875	0.421872963149795
PI655987	0.379978588264184	0.19999999972906	0.899892943894705	4.14209946526789	0.933333333333333	3.43796371278703	4.50000000013993	3.680771392893	0.222569814802607	31.9999121395599	24.5666666666666	0.302574442587245
PI655988	0.786757291788404	0.133333333333333	4.90067968841305	6.77310283366994	0.9	6.52566981518882	5.5	3.83333333333332	0.434782608695657	33.1563727749381	21.0999999999997	0.571392074641638
PI655989	1.10000000000001	0.100000000323214	9.99999996444656	10.5666666666666	0.784536744108919	12.4686702006141	6.16666666666667	4	0.541666666666667	35.5666666666715	15.3286986196381	1.32026655029318
PI655990	0.45000000000001	0.166666668454707	1.69999997103381	5.3499999999999	0.894253704805837	4.98264225381264	5.25	4	0.3125	28.800000000004	20.2278438376875	0.423780024757028
PI655991	0.566666666666684	0.100000002191336	4.66666654249114	5.80000000000005	0.900574712193293	5.44033184750937	5.5	3.82853199213018	0.436581961782125	37.7000000000024	25.8187991532761	0.460176353524123
PI655992	1.05636243336067	0.100000000011742	9.56362433236632	9.2871564162234	0.549999999999999	15.885738938588	6.16666666651114	3.73489725013377	0.651094060563587	35.535805526034	17.4333333333333	1.03838272615874
PI655993	0.437367964715857	0.100000000646429	3.37367961888584	6.84962866179512	0.827558438448164	7.27691235272705	6.5	4.00000000000006	0.624999999999975	34.7380357933489	20.4350719375947	0.699922363837674
PI655994	0.737367964715862	0.166666666613332	3.42420778971095	8.34962866179516	1.03333333333333	7.08028580173728	4.66666666666667	3.95399302414462	0.180241502240947	34.7380357933492	22.9333333333329	0.514739932849558
PI655995	0.745719963145155	0.266666666678409	1.79644986167119	8.09008092460632	1.6	4.05630057787895	5.99999999984448	3.76672354015336	0.592896302551632	53.7909687561436	28.2666666666663	0.902982385240954
PI655996	NA	NA	NA	NA	NA	NA	NA	NA	NA	NA	NA	NA
PI655997	1.26182815872019	0.266666665275396	3.73185561988806	12.7420445099743	1.06323188683888	10.9842573080252	5.49999999967335	3.32853199213018	0.652380092087828	45.7045035831885	19.1149201781934	1.39103816061596
PI655998	1.01577629741612	0.100000002114517	9.15776275937358	10.0992268370038	0.94393177557936	9.69910675568175	5.83333333332553	3.66666666666672	0.59090909090694	42.0200522910949	19.4508999251048	1.16031404474302
PI655999	0.605234467621406	0.0999999971523834	5.05234484856164	6.09662583290488	0.692077836208249	7.80916208255856	4.16666666666667	3.65451279016763	0.140142860596076	41.2898152869368	28.1235634605237	0.468157310324284
PI656000	NA	NA	NA	NA	NA	NA	NA	NA	NA	NA	NA	NA
PI656001	NA	0.100000000052275	NA	NA	0.52989855350553	NA	6.16666666665887	3.34743805955967	0.842204861430669	35.3978538253214	20.088021588243	0.762137384700883
PI656002	0.589695766694002	0.166666668833458	2.5381745541651	6.02048974955695	0.906757264449787	5.63958259348508	6.16666666651114	3.84743805955967	0.602798166221005	40.1024721927021	22.5705691330453	0.776759458581332
PI656003	NA	NA	NA	NA	NA	NA	NA	NA	NA	NA	NA	NA
PI656004	0.250000000000013	0.899999998531912	-0.722222221769094	2.85000000000008	3.79656522017221	-0.24932146961226	4.75	5	-0.05	29.1500000000022	32.2482535115267	-0.0960750792416423
PI656005	NA	NA	NA	NA	NA	NA	NA	NA	NA	NA	NA	NA
PI656006	0.447014058934994	0.100000002114517	3.47014049482806	4.94268172793198	0.800574712193293	5.17391687827707	6.00000000020599	3.5	0.714285714344569	45.9959230275234	19.5187991532761	1.35649348437521
PI656007	NA	0.100000000323214	NA	NA	0.317870077442252	NA	4.25000000021379	3.66666666666665	0.159090909149221	28.3373287137883	17.1786986196381	0.649562015215404
PI656008	0.830849166085127	0.2	3.15424583042563	9.12257227604471	1.3	6.01736328926516	5.99999999969675	3.99999999999998	0.499999999924195	44.4539170977609	21.3999999999999	1.07728584568977
PI656009	0.730849166085128	NA	NA	8.47257227604474	NA	NA	5.33333333303008	4.5	0.185185185117795	35.4039170977605	27.8350719375947	0.27191757136949
PI656010	1.33333333333333	0.0999999903742325	12.3333346167691	11.1333333333334	0.384024913464877	27.9911746425057	5.83333333333333	3.45399302414462	0.688866564742977	45.5666666666662	13.9073942861601	2.27643451599066
PI656011	NA	NA	NA	NA	NA	NA	NA	NA	NA	NA	NA	NA
PI656012	NA	NA	NA	NA	NA	NA	NA	NA	NA	NA	NA	NA
PI656013	NA	NA	NA	NA	NA	NA	NA	NA	NA	NA	NA	NA
PI656014	NA	NA	NA	NA	NA	NA	NA	NA	NA	NA	NA	NA
PI656015	1.01866346281734	0.266666668792926	2.81998795510646	10.3135055940354	1.19856996618274	7.60484234131306	6.24999999987981	4.43339020682002	0.409756350854306	33.8877129523165	18.082040071304	0.874108940068987
PI656016	NA	NA	NA	NA	NA	NA	NA	NA	NA	NA	NA	NA
PI656017	NA	NA	NA	NA	NA	NA	NA	NA	NA	NA	NA	NA
PI656018	1.16666666666668	0.100000002114517	10.6666664199732	9.56666666666671	0.500574712193293	18.1113662628899	5.33333333333333	3.50000000000001	0.523809523809519	34.8000000000022	17.1521324866095	1.02890223866742
PI656019	0.566666666666475	0.233333335198192	1.42857140916085	5.89999999996674	1.19425370480584	3.94032379905906	5.66666666666667	5.32853199213018	0.063457379074741	29.6333333334005	30.3945105043542	-0.0250432449255815
PI656020	0.826014662525734	0.100000000011742	7.26014662428743	8.28012354417415	0.766666666666668	9.80016114457496	4.66666666687266	3.43339020682002	0.359200785743165	42.4680416788675	23.5666666666665	0.802038543657757
PI656021	NA	NA	NA	NA	NA	NA	NA	NA	NA	NA	NA	NA
PI656022	0.685024800041897	0.266666666666667	1.56884300015711	6.37036632462499	1.26666666666667	4.02923657207235	4.66666666666667	3.66666666666663	0.272727272727286	34.7106152147919	24.1999999999997	0.434322942760014
PI656023	0.381860922085996	0.2	0.90930461042998	3.14872436560965	1.3	1.42209566585358	5.66666666636342	4.33333333333335	0.307692307622323	22.5179682284293	23.2333333333329	-0.0307904636256936
PI656024	0.666666666666677	0.0999999905161276	5.66666729892499	7.30000000000012	0.817358246798211	7.93121226658687	4.66666666666667	3.24697130494502	0.437236805745559	42.0333333333363	21.7740609528267	0.930431508591857
PI656025	0.866666666666666	0.199999997075565	3.33333339669609	8.10000000000011	1.06207783620825	6.62655967750736	5.33333333333334	3.43339020682002	0.553372326495051	43.8666666666711	26.1902301271903	0.674924827068602
PI656026	0.738111910144443	0.100000000088561	6.38111909490764	8.72524738288772	0.650000000000002	12.4234575121349	6.49999999967335	3.74697130494502	0.734734394975231	24.9313213930778	17.6999999999996	0.408549231247365
PI656027	NA	NA	NA	NA	NA	NA	NA	NA	NA	NA	NA	NA
PI656028	0.520090625121734	0.10000000178804	4.20090615822306	5.6064361670033	0.860920371472504	5.51214253115436	6	4.5	0.333333333333333	36.8897061082721	28.2278438376875	0.306855256830491
PI656029	0.840989862483838	0.133333334850434	5.30742389686131	8.65642388621586	0.894253704805837	8.68005370254001	5.66666666687266	3.84743805955967	0.472841558239718	43.4907597974138	22.2278438376875	0.956589227231966
PI656031	0.655492280269339	0.0999999971523833	5.55492298935247	5.1073771677552	0.510411169541582	9.00639772899624	5.50000000021379	3.41363797161169	0.61118432767405	34.4771440007256	17.1735634605237	1.00757076887258
PI656032	NA	NA	NA	NA	NA	NA	NA	NA	NA	NA	NA	NA
PI656033	1.11638927727608	0.100000000088561	10.1638927628739	9.94097212346757	0.733333333333335	12.5558710774558	5.83333333332553	3.74697130494502	0.556812918643668	36.1206508910597	21.9333333333332	0.646838186522489
PI656034	0.800000000000004	0.133333335394516	4.99999990724681	6.3333333333334	1.00458420421439	5.304432527173	5.33333333333333	3.28732635747795	0.622392410537871	39.7000000000024	28.268844475922	0.404372931968156
PI656035	NA	NA	NA	NA	NA	NA	NA	NA	NA	NA	NA	NA
PI656036	0.633333333333341	0.100000000076819	5.33333332846821	6.13333333333341	0.699999999999999	7.76190476190488	4.5	3.64126250813739	0.23583509564156	32.1666666666721	20.4333333333332	0.574225122349379
PI656037	1.1052344676214	0.233333333410152	3.73671914538942	9.66329249957159	1.03333333333333	8.35157338668221	5.25	3.47459584147073	0.510967099349827	41.3398152869369	22.7666666666664	0.815804478196371
PI656038	0.303866416642512	0.100000002137883	2.03866410146204	3.80411067177552	0.771250870881054	3.93239076337096	5.66666666666667	4.11137509782425	0.378289874272353	34.1564226716001	21.268844475922	0.605936923854413
PI656039	NA	0.166666666666666	NA	NA	1.16666666666667	NA	5.25000000021379	3.8333333333333	0.369565217447087	36.1104180520553	25.4333333333329	0.419806738612946
PI656040	NA	NA	NA	NA	NA	NA	NA	NA	NA	NA	NA	NA
PI656041	0.915669950496617	0.133333335394516	5.86752452256046	10.4725999342659	0.965236632849411	9.84977463334606	5.33333333321314	4.28732635747795	0.243976522550178	25.6060923411783	20.482040071304	0.25017294429832
PI656042	NA	NA	NA	NA	NA	NA	NA	NA	NA	NA	NA	NA
PI656043	0.990621058479698	0.233333335447851	3.24551878358203	8.93917495688508	1.20458420421439	6.4209631220551	4.50000000013993	4.16666666666665	0.0800000000335875	45.6447489094455	26.1021778092553	0.748695041578515
PI656044	0.554975410632695	0.149999998620472	2.69983610491148	6.62188444776939	1.14656522017221	4.77541018274984	5.16666666654648	3.24697130494502	0.591226463466996	34.3949574736185	19.4149201781934	0.771573468133569
PI656046	0.551011756000867	0.166666666718941	2.30607053496827	4.14281875623166	1.05120341077559	2.94102484235191	5	3.84743805955967	0.299566080752509	25.0140511306727	22.8453652863048	0.0949289195943814
PI656047	0.523029100027333	0.199999990439309	1.61514562514966	5.68715641622354	0.517358246798212	9.99268534215853	4.16666666651114	2.73489725013378	0.523518540342722	32.0358055260341	12.0407276194934	1.66062039923315
PI656048	NA	NA	NA	NA	NA	NA	NA	NA	NA	NA	NA	NA
PI656049	0.833333333333337	0.0999999999466658	7.33333333777789	8.33333333333333	0.733333333333336	10.3636363636363	5.66666666666667	3.88096109947436	0.460119419242354	41.2666666666665	24.2999999999996	0.698216735253794
PI656050	NA	NA	NA	NA	NA	NA	NA	NA	NA	NA	NA	NA
PI656051	0.0871001541435762	0.133333330397156	-0.346748829537719	1.81576195998952	0.878744502874916	1.06631387627353	3.83333333300669	3.66666666666665	0.0454545453654656	20.2172702624107	25.356896793857	-0.202691463913338
PI656052	0.774994606032795	0.133333335447851	4.81245945306685	7.41468957348276	0.777265108912694	8.53946020278084	5.33333333332553	4.00000000000001	0.333333333331379	27.3667509036153	19.2842332584382	0.419125693869132
PI656053	0.970701298049193	0.166666669051064	4.82420770497181	9.38296199512849	0.906757264449787	9.34782114574179	5.5	4.04762776614103	0.358820602528786	40.438035793349	19.7039024663786	1.05228562526381
PI656054	NA	NA	NA	NA	NA	NA	NA	NA	NA	NA	NA	NA
PI656055	1.17009062512173	0.166666666755227	6.02054374699993	9.95643616700332	0.933333333333335	9.66761017893211	5.33333333333333	3.15451279016763	0.69069954319314	40.2397061082717	29.2333333333332	0.376500779074295
PI656056	1.4	0.133333333345075	9.49999999907534	14	0.966666666666665	13.4827586206897	5	3.26672354015336	0.530585597018494	45.6999999999994	25.5333333333329	0.789817232375986
PI656057	0.899999999999814	0.0999999999466656	8.00000000479823	7.36666666663341	0.766666666666669	8.6086956521305	5	3.62065969081129	0.380963809630957	37.233333333401	23.7333333333329	0.568820224721981
PI656058	1.0867572917884	0.100000000076819	9.86757290953564	10.4064361670033	0.750000000000001	12.875248222671	5.83333333333333	4.07853199213018	0.430253175551685	40.9897061082719	13.6999999999999	1.99194935096877
PI656059	0.741661272699471	0.100000000323214	6.41661270302318	7.84802290681606	0.696565220172197	10.2667452803285	4.7499999999922	3.66666666666667	0.295454545452417	25.8000842369453	15.7546882549096	0.63761312312259
PI656060	0.929188859434428	0.199999990439309	3.64594451926434	7.73246745645665	0.850691580131544	8.08962500282531	5.50000000013993	3.43339020682002	0.601915211738775	45.4678975297162	20.5073942861601	1.2171465031226
PI656061	1.08084916608513	0.166666669104398	5.48509490165727	12.2725722760447	1.04009059778312	10.79952237065	5.99999999969675	4.16666666666668	0.439999999927215	41.653917097756	23.9705691330452	0.737710809725122
PI656062	1.53736376101484	0.100000000076819	14.3736375983385	11.499116018997	0.649999999999999	16.6909477215339	4.25000000036151	4.32853199213018	-0.0181428696637684	34.9362314008025	18.6	0.878292010795833
PI656063	NA	NA	NA	NA	NA	NA	NA	NA	NA	NA	NA	NA
PI656064	NA	NA	NA	NA	NA	NA	NA	NA	NA	NA	NA	NA
PI656065	NA	NA	NA	NA	NA	NA	NA	NA	NA	NA	NA	NA
PI656066	NA	NA	NA	NA	NA	NA	NA	NA	NA	NA	NA	NA
PI656067	NA	NA	NA	NA	NA	NA	NA	NA	NA	NA	NA	NA
PI656068	1.03856780095473	0.166666657094234	5.23140716362673	10.2966258329049	0.984024913464878	9.46378571519003	4.66666666666667	3.16666666666667	0.473684210526315	38.6564819536034	25.4740609528267	0.517484080186042
PI656069	0.627747154272237	0.133333333656548	3.70810364562882	5.79619338655246	0.82989855350553	5.98421917000466	5.83333333353932	3.99999999999998	0.458333333384837	34.3137992390144	16.2546882549096	1.11100937162853
PI656070	0.320433487476722	0.266666666666667	0.201625578037706	5.08242862662283	1.03333333333333	3.91847931608663	4.99999999967335	3.8333333333333	0.304347826001755	39.1839369291389	22.2666666666665	0.759757646518227
PI656071	0.922001093712079	0.100000001788041	8.22001077226322	9.47378391371297	0.694253704805836	12.6459969145754	5.16666666665887	3.99999999999998	0.291666666664724	31.4851302924757	24.2945105043542	0.295977142113349
PI656072	0.774323195817173	0.100000002203078	6.74323178758229	8.65642388621589	0.877265108912694	8.86751188240564	5.66666666687266	3.74697130494502	0.512332549596562	40.55742646408	23.8175665917715	0.702836698611007
PI656073	0.999999999999998	0.19999999972906	4.00000000677349	12.0000000000001	0.999999999999999	11.0000000000001	6	3.84743805955967	0.559479296903011	48.5000000000048	26.4666666666663	0.832493702770988
PI656074	NA	NA	NA	NA	NA	NA	NA	NA	NA	NA	NA	NA
PI656075	1.49775710460395	0.166666666666666	7.98654262762374	12.3801056328751	0.933333333333336	12.2643988923661	5.66666666651114	3.50000000000007	0.61904761900315	37.3897055134798	23.8999999999996	0.564422824831817
PI656076	0.673029100027148	0.20000000251455	2.36514545782661	6.37048974952359	1.25675726444979	4.06898979598308	4.66666666651114	4.07853199213018	0.144202540403216	31.9358055260969	20.8372357997119	0.532631575179393
PI656077	0.566666666666661	0.233333333603214	1.42857142576244	5.93333333333339	1.02989855350553	4.76108521867298	5.5	4.2142944328077	0.305082045806591	35.2333333333378	22.6546882549096	0.555233642453774
PI656078	0.400000000000001	0.250000002137883	0.599999986317553	4.76666666666682	1.76059844224603	1.70741274801191	5.16666666666667	4.36137509782425	0.184641667084345	29.0000000000062	25.3342332584382	0.144696178651747
PI656079	0.500000000000008	0.266666663677155	0.875000021020034	4.13333333333342	1.09541116954158	2.77331676749579	5.33333333333334	3.62065969081129	0.473028063606356	30.733333333339	22.1902301271903	0.384993898539186
PI656080	0.397515832751802	0.0999999985319112	2.97515838587687	3.73923894271123	0.429898553505547	7.69795655793706	4.99999999969675	3.00000000000007	0.666666666565544	29.5705837644275	16.0815868448601	0.838785192636551
PI656081	0.620433487476919	0.100000000011742	5.20433487404068	5.01576195998949	0.599999999999999	7.35960326664916	5.33333333300669	3.26672354015336	0.632624636719736	38.2839369290741	16.2499999999999	1.35593458025073
PI656082	0.500000000000005	0.199999998478577	1.50000001901781	4.93333333333345	0.86323188683888	4.71495725372138	4.83333333333334	3.28732635747795	0.470293122049948	28.5666666666687	19.4815868448601	0.466341879342624
PI656083	0.700000000000005	0.200000002203078	2.49999996144616	6.50000000000014	1.05057471219329	5.18708971818868	5.66666666666667	3.48784612350096	0.624689411750395	39.4666666666693	24.3521324866095	0.620665733827246
PI656085	1.46666666666667	0.100000000023366	13.6666666632397	13.3666666666666	0.933333333333335	13.3214285714285	6.16666666666667	4.11137509782425	0.499903686708149	37.6333333333377	17.9999999999999	1.090740740741
PI656086	1.14139467124328	0.500000000011742	1.28278934243295	10.8929492166516	2.6	3.18959585255831	5.83333333333333	4.26672354015336	0.367169276011649	41.1872333207834	26.3999999999997	0.560122474272116
PI656087	0.68033982101262	0.250000002114517	1.72135926103304	6.75909434023032	1.44856996618274	3.66604616830613	4.66666666666667	3.74999999999998	0.244444444444452	27.8183793888665	19.7987067379707	0.405060429301444
PI656088	1.14259822863624	0.1	10.4259822863624	11.0624085185685	0.633333333333336	16.4669608187923	5.16666666702818	3.49999999999998	0.476190476293774	44.8093800210732	18.7999999999996	1.38347766069543
PI656089	0.973029100027339	0.166666663730489	4.83817470301554	7.87048974955694	0.56207783620825	13.0024908341003	5.74999999984448	3.16666666666673	0.815789473635063	28.4024721926985	13.656896793857	1.07971639688119
PI656090	NA	0.100000000076819	NA	NA	0.666666666666666	NA	5.83333333347326	3.80792917480406	0.531891236861941	35.0780822427836	19.8999999999999	0.762717700642401
PI656091	0.834106641822859	0.133333333656548	5.2557997985067	7.24152296688641	0.763231886838864	8.48797225556073	5.49999999967335	4.00000000000007	0.374999999918313	40.4689829846044	24.1213549215763	0.677724286889262
PI656092	1.08736376101485	0.133333333410152	7.15522820291282	9.44911601899705	0.933333333333336	9.12405287749681	5.25000000036151	3.99519865879685	0.314077333501744	40.7362314008055	27.6666666666663	0.47239390605323
PI656093	NA	0.1	NA	NA	0.999999999999999	NA	5.33333333333333	4.00000000000007	0.333333333333309	35.1000000000045	18.3999999999996	0.90760869565246
PI656094	0.774563510990687	0.166666666666667	3.64738106594411	4.63656002410579	0.699999999999999	5.623657177294	5.66666666702818	3.66666666666673	0.545454545553113	29.8093207390696	17.7333333333332	0.680976733406193
PI656095	1.37190113428807	0.199999999946666	5.85950567326957	10.1299591662382	1.1	8.20905378748927	5.16666666666667	3.2142944328077	0.607403047440668	46.7564819536032	23.9333333333329	0.953613452100448
PI656096	0.973897930438731	0.133333335524669	6.30423435824526	9.72679809360712	1.00057471219329	8.72121119499981	5.49999999987981	4.30792917480406	0.27671551149166	37.127528239249	23.2854658199428	0.59445074134833
PI656097	0.413809438934956	0.100000000023366	3.13809438838265	5.10033340616826	1.2	3.25027783847355	5.16666666665887	3.77804176449092	0.367551495914991	25.7601922337947	23.4999999999997	0.096178392927448
PI656098	0.971901134288067	0.233333333333333	3.16529057552029	7.12995916623823	1.03333333333333	5.89996048345637	5.5	4.00000000000007	0.374999999999976	37.1231486202705	13.2666666666664	1.79822728293502
PI656099	0.36666666666667	0.133333333656548	1.74999999333372	4.30000000000005	0.92989855350553	3.62416032780126	4	3.66666666666666	0.0909090909090929	22.866666666671	23.588021588243	-0.0305814084014381
PI656100	NA	NA	NA	NA	NA	NA	NA	NA	NA	NA	NA	NA
PI656101	0.666666666666666	0.299999990427567	1.22222229312913	4.73333333333342	1.05069158013154	3.50496932005569	4.83333333333333	4.00000000000001	0.20833333333333	27.0000000000021	20.0407276194934	0.3472564725514
PI656102	0.657287725146367	0.0999999970638229	5.57287744445499	7.23917495688517	0.848744502874916	7.5292746313693	5.83333333347326	3.66666666666664	0.590909090947264	35.0114155761148	19.956896793857	0.754351687928345
PI656103	0.500000000000011	0.100000000646429	3.99999996767866	4.3333333333334	1.02755843844816	3.21711619621137	5.16666666666667	3.66666666666673	0.409090909090886	32.3333333333352	25.8350719375947	0.251528674332211
PI656104	0.533333333333344	0.100000002114517	4.3333332205592	4.80000000000007	0.84393177557936	4.68766355160032	5.5	4	0.375	37.4666666666696	16.1508999251048	1.31978817529739
PI656105	0.938567800954735	0.200000001843578	3.6928389615156	9.12995916623824	1.33390804552663	5.84451915321773	5.16666666666667	4.01410472622633	0.287128019583053	40.2898152869365	24.6854658199428	0.632127000592686
PI656106	0.622690863117815	0.166666668858003	2.73614512958399	6.76959117504947	0.877265108912693	6.71669944042331	5.83333333333333	3.49519865879685	0.668956160374968	48.1884965634472	27.1508999251048	0.774839754718046
PI656107	1.23201572972298	0.100000002437732	11.3201569968974	13.7987908402033	1.10675726444979	11.4677662242978	6.00000000013993	3.49999999999998	0.714285714325704	42.9653155635628	20.2705691330453	1.11959098343816
PI656108	0.231018802483949	0.399999990427567	-0.422452979968802	2.58428074853213	1.63402491346488	0.581543051906273	4.66666666665887	3.00000000000007	0.55555555555292	32.3885808003901	22.3407276194934	0.449754965551321
PI656109	0.711691160533035	0.199999998543653	2.55845582857691	8.63938588134429	0.829898553505547	9.41017103217128	5.50000000020599	4.56823058346711	0.203967247211874	45.1287955907584	19.8815868448601	1.26987895598612
PI656110	0.676006362033662	0.100000002437732	5.76006345554439	7.89084166304762	0.773423931116454	9.20247932030888	5.9999999999922	3.3333333333333	0.799999999997678	28.4641353676157	14.0039024663786	1.03258594780663
PI656111	0.626686072741356	0.3	1.08895357580452	7.58505589810765	1.06666666666667	6.1109899044759	4.33333333332553	4.00000000000001	0.08333333333138	28.6106994517343	21.9333333333332	0.304439184729535
PI656112	0.867936235315475	0.200000000323214	3.33968116956415	4.58690342441527	1.01787007744225	3.50637416903093	5.16666666688046	3.33333333333339	0.550000000064112	23.5013798444616	26.4453652863048	-0.111323304101524
PI656113	0.508053900069229	0.133333333333333	2.81040425051923	6.22418940751517	0.733333333333333	7.48753101024796	5.16666666651114	3.83333333333334	0.347826086915947	34.2130874074878	19.1666666666666	0.785030647347196
PI656114	NA	NA	NA	NA	NA	NA	NA	NA	NA	NA	NA	NA
PI656115	NA	NA	NA	NA	NA	NA	NA	NA	NA	NA	NA	NA
PI656116	NA	NA	NA	NA	NA	NA	NA	NA	NA	NA	NA	NA
PI656118	1.14139467124328	0.200000002114517	4.70697329587894	10.6596158833183	1.21059844224603	7.80524500224984	5	3.49999999999996	0.428571428571445	48.1538999874504	25.6175665917715	0.879721862533098
PI656119	0.616924479314612	0.100000002203078	5.16924465723285	5.17741800151706	0.637917537547721	7.11612425866212	5.83333333354712	3.65451279016763	0.596200004893005	31.6873287137909	17.768844475922	0.783308349438783
PI656120	0.453423958455068	0.333333333656548	0.360271874046225	6.10643616700331	1.51787007744225	3.02302954498794	5	4.00000000000007	0.249999999999978	28.2230394416047	16.8786986196381	0.672109922548628
PI656121	0.608065059064036	0.2	2.04032529532018	6.7487446807921	0.966666666666666	5.98146001461252	5.50000000036151	3.83333333333333	0.43478260878996	38.6909338608187	21.5999999999997	0.791246938000891
PI659691	0.622690863117828	0.1	5.22690863117828	7.06959117504945	0.466666666666669	14.1491239465345	5.66666666666667	3.83333333333333	0.478260869565219	36.4218298967803	25.1666666666663	0.447225029011159
PI659694	0.75000000000001	0.299999990427567	1.50000007977031	8.3000000000001	1.18402491346488	6.00998763253328	5.25	4	0.3125	36.7500000000024	20.9073942861601	0.757751324579434
PI659695	0.760054624132661	0.166666666690032	3.56032774415665	6.73537386071312	1.2	4.61281155059427	5.83333333369485	4.11137509782425	0.418827811838882	56.0080612975837	24.7666666666663	1.26142912372481
PI659696	0.466666666666668	0.166666668401373	1.79999997085694	5.50000000000005	0.92758703813917	4.9293627162294	5.16666666666667	4.04762776614103	0.276467838739164	37.3666666666666	26.2611771710208	0.422886202827979
PI659753	1.04166127269947	0.133333335447851	6.81245942134915	9.81468957348255	0.700574712193293	13.0094830753392	5.4999999999922	3.16666666666665	0.736842105260704	36.7334175702805	22.1854658199428	0.655742451765893
