"Taxa"	"StemDiameterUpper_HN"	"StemDiameterUpper_LN"	"NR_StemDiameterUpper"	"StemDiameterLower_HN"	"StemDiameterLower_LN"	"NR_StemDiameterLower"	"TillersPerPlant_HN"	"TillersPerPlant_LN"	"NR_TillersPerPlant"	"DaysToFlower_HN"	"DaysToFlower_LN"	"NR_DaysToFlower"	"PlantHeight_HN"	"PlantHeight_LN"	"NR_PlantHeight"
"1"	"PI152651"	6.43	6.97	-0.0774748923959829	12.95	13.19	-0.0181956027293404	2.435	1.435	0.696864111498258	55	59.5	-0.0756302521008403	1.37	1.345	0.0185873605947955
"2"	"PI17548"	6.705	7.22	-0.0713296398891967	16.835	17.685	-0.0480633305060787	0.6	1.1	-0.454545454545455	63.5	64	-0.0078125	2.46	2.405	0.0228690228690227
"3"	"PI24969"	NA	NA	NA	NA	NA	NA	NA	NA	NA	NA	NA	NA	NA	NA	NA
"4"	"PI276837"	9.705	7.25	0.338620689655172	18.285	17.045	0.07274860662951	0.765	0.265	1.88679245283019	85	91.5	-0.0710382513661202	2.735	2.555	0.0704500978473584
"5"	"PI329435"	NA	NA	NA	NA	NA	NA	NA	NA	NA	NA	NA	NA	NA	NA	NA
"6"	"PI329440"	7.85	8.565	-0.0834792761237597	15.82	16.805	-0.0586135078845581	0.6	0.265	1.26415094339623	67	66	0.0151515151515152	0.575	0.625	-0.0800000000000001
"7"	"PI34911"	10.025	8.15	0.230061349693252	19.77	17.735	0.114744854806879	1.765	1.765	0	72	76	-0.0526315789473684	1.535	1.48	0.0371621621621621
"8"	"PI35038"	NA	NA	NA	NA	NA	NA	NA	NA	NA	NA	NA	NA	NA	NA	NA
"9"	"PI48770"	10.745	11.18	-0.0389087656529516	23.59	24.165	-0.0237947444651355	1.435	0.1	13.35	71	79	-0.10126582278481	1.48	1.23	0.203252032520325
"10"	"PI533750"	11.765	9.34	0.259635974304069	24.755	16.54	0.496674727932285	0.1	0.1	0	65.5	66	-0.00757575757575758	0.67	0.58	0.155172413793103
"11"	"PI533752"	10.945	10.305	0.062105773896167	23.715	23.475	0.0102236421725239	0.77	0.1	6.7	66	69	-0.0434782608695652	0.895	0.98	-0.086734693877551
"12"	"PI533754"	7.95	8.535	-0.0685413005272408	17.87	19.475	-0.082413350449294	0.765	0.435	0.758620689655172	64	63	0.0158730158730159	1.11	1.1	0.0090909090909089
"13"	"PI533755"	10.33	8.415	0.22756981580511	24.005	23.77	0.00988641144299535	0.265	0.435	-0.390804597701149	74.5	74	0.00675675675675676	0.73	0.825	-0.115151515151515
"14"	"PI533757"	9.595	7.785	0.232498394348105	18.87	18.78	0.00479233226837041	0.1	0.1	0	67	73.5	-0.0884353741496599	0.76	0.78	-0.0256410256410257
"15"	"PI533758"	10.53	9.885	0.0652503793626708	19.25	18.715	0.0285866951643067	0.935	1.1	-0.15	65.5	67.5	-0.0296296296296296	0.91	0.88	0.034090909090909
"16"	"PI533759"	10.13	6.975	0.452329749103943	21.03	15.56	0.351542416452442	0.77	0.1	6.7	64	68.5	-0.0656934306569343	0.59	0.565	0.0442477876106195
"17"	"PI533760"	10.975	10.435	0.0517489218974607	21.22	19.99	0.0615307653826912	0.1	0.1	0	66	70	-0.0571428571428571	0.62	0.705	-0.120567375886525
"18"	"PI533761"	9.075	8.31	0.0920577617328521	20.735	19.085	0.0864553314121037	0.1	0.1	0	75.5	82	-0.0792682926829268	1.32	1.055	0.251184834123223
"19"	"PI533762"	NA	NA	NA	NA	NA	NA	NA	NA	NA	NA	NA	NA	NA	NA	NA
"20"	"PI533766"	6.895	7.07	-0.0247524752475249	17.3	17.22	0.00464576074332183	0.77	0.435	0.770114942528735	63.5	63	0.00793650793650794	0.76	0.81	-0.0617283950617284
"21"	"PI533769"	8.75	9.42	-0.0711252653927813	16.83	17.855	-0.0574068888266593	1.6	0.77	1.07792207792208	58.5	60.5	-0.0330578512396694	0.525	0.535	-0.0186915887850467
"22"	"PI533776"	11.33	11.625	-0.0253763440860215	17.8	17.84	-0.00224215246636786	0.6	0.765	-0.215686274509804	64	69	-0.072463768115942	1.31	1.315	-0.00380228136882121
"23"	"PI533785"	9.095	8.82	0.0311791383219955	19.825	20.52	-0.033869395711501	0.435	1.1	-0.604545454545454	67.5	67	0.00746268656716418	0.84	0.8	0.0499999999999999
"24"	"PI533788"	NA	NA	NA	NA	NA	NA	NA	NA	NA	NA	NA	NA	NA	NA	NA
"25"	"PI533789"	7.63	6.6	0.156060606060606	22.035	21.25	0.0369411764705882	0.265	0.265	0	71	78	-0.0897435897435897	0.71	0.735	-0.0340136054421769
"26"	"PI533792"	NA	NA	NA	NA	NA	NA	NA	NA	NA	NA	NA	NA	NA	NA	NA
"27"	"PI533794"	9.585	9.24	0.0373376623376624	19.585	18.06	0.0844407530454043	0.1	0.1	0	66	69	-0.0434782608695652	0.775	0.725	0.0689655172413794
"28"	"PI533799"	9.905	7.385	0.341232227488152	18.98	15.835	0.198610672560783	0.1	0.1	0	67	73.5	-0.0884353741496599	0.745	0.66	0.128787878787879
"29"	"PI533800"	8.41	9.55	-0.119371727748691	19.65	18.61	0.0558839333691563	0.1	0.1	0	71	72.5	-0.0206896551724138	1.13	1.12	0.00892857142857124
"30"	"PI533807"	11.4	10.37	0.0993249758919961	26.28	26.895	-0.022866703848299	1.43	0.265	4.39622641509434	69	74.5	-0.0738255033557047	1.03	0.995	0.035175879396985
"31"	"PI533810"	11.135	8.515	0.307692307692308	22.4	18.035	0.242029387302467	0.1	0.1	0	77	88.5	-0.129943502824859	0.69	0.58	0.189655172413793
"32"	"PI533814"	11.945	9.8	0.218877551020408	22.545	18.85	0.196021220159151	0.265	0.1	1.65	79	85	-0.0705882352941176	0.64	0.605	0.0578512396694214
"33"	"PI533821"	13.875	14.71	-0.056764106050306	26.61	27.945	-0.0477724100912507	0.1	0.1	0	67	70.5	-0.049645390070922	0.745	0.745	0
"34"	"PI533822"	NA	NA	NA	NA	NA	NA	NA	NA	NA	NA	NA	NA	NA	NA	NA
"35"	"PI533824"	12.4	11.24	0.103202846975089	26.065	24.77	0.0522809850625756	0.1	0.1	0	77	77	0	0.75	0.71	0.0563380281690141
"36"	"PI533830"	10.195	9.735	0.0472521828454033	20.64	19.405	0.0636433908786395	0.93	0.1	8.3	62.5	64	-0.0234375	0.62	0.57	0.0877192982456139
"37"	"PI533831"	NA	NA	NA	NA	NA	NA	NA	NA	NA	NA	NA	NA	NA	NA	NA
"38"	"PI533833"	6.785	6.535	0.0382555470543229	16.795	17.335	-0.031150850879723	0.765	0.77	-0.0064935064935065	67	66.5	0.0075187969924812	0.875	0.765	0.143790849673203
"39"	"PI533838"	8.31	8.025	0.0355140186915886	17.025	17.86	-0.0467525195968646	0.765	0.1	6.65	55.5	58.5	-0.0512820512820513	0.82	0.86	-0.0465116279069767
"40"	"PI533839"	5.26	6.915	-0.239334779464931	15.06	15.425	-0.0236628849270665	1.43	2.265	-0.368653421633554	71	70	0.0142857142857143	1.12	1.195	-0.0627615062761504
"41"	"PI533841"	9.13	7.435	0.227975790181573	19.055	19.305	-0.012950012950013	0.765	0.265	1.88679245283019	70.5	78	-0.0961538461538462	0.765	0.75	0.02
"42"	"PI533842"	11.9	12.295	-0.0321268808458723	21.135	24.66	-0.14294403892944	0.1	0.265	-0.622641509433962	81	81	0	0.765	0.795	-0.0377358490566037
"43"	"PI533843"	NA	NA	NA	NA	NA	NA	NA	NA	NA	NA	NA	NA	NA	NA	NA
"44"	"PI533845"	9.405	8.585	0.0955154338963308	21.715	18.035	0.204047685056834	1.265	1.265	0	69.5	72.5	-0.0413793103448276	0.75	0.755	-0.0066225165562914
"45"	"PI533852"	10.505	11.315	-0.0715863897481222	24.225	21.27	0.138928067700987	0.265	0.1	1.65	73	75.5	-0.033112582781457	0.795	0.765	0.0392156862745097
"46"	"PI533855"	7.26	7.645	-0.0503597122302158	17.94	19.495	-0.0797640420620674	1.27	0.765	0.660130718954248	70	71	-0.0140845070422535	1.735	1.465	0.184300341296928
"47"	"PI533856"	10.385	9.17	0.132497273718648	20.305	19.245	0.0550792413613927	0.1	0.265	-0.622641509433962	82.5	87	-0.0517241379310345	0.945	0.8	0.18125
"48"	"PI533863"	8.875	8.225	0.0790273556231004	20.59	19.6	0.0505102040816326	1.77	1.1	0.609090909090909	71	71.5	-0.00699300699300699	1.27	1.435	-0.114982578397213
"49"	"PI533866"	10.94	9.53	0.147953830010493	24.02	19.225	0.249414824447334	1.435	0.6	1.39166666666667	61.5	62	-0.00806451612903226	1.055	0.855	0.233918128654971
"50"	"PI533869"	7.495	7.2	0.0409722222222222	16.605	17.655	-0.0594732370433305	2.1	1.6	0.3125	70.5	75	-0.06	1.36	1.03	0.320388349514563
"51"	"PI533871"	NA	NA	NA	NA	NA	NA	NA	NA	NA	NA	NA	NA	NA	NA	NA
"52"	"PI533876"	10.78	9.31	0.157894736842106	22.025	17.84	0.234585201793722	0.265	0.1	1.65	55	60	-0.0833333333333333	3.33	2.74	0.215328467153285
"53"	"PI533877"	9.8	8.49	0.154299175500589	17.875	15.975	0.118935837245696	0.765	0.935	-0.181818181818182	61.5	62.5	-0.016	0.745	0.68	0.0955882352941177
"54"	"PI533878"	13.165	13.64	-0.0348240469208212	20.51	21.7	-0.0548387096774194	0.1	0.1	0	70	83.5	-0.161676646706587	1.02	0.995	0.0251256281407035
"55"	"PI533882"	NA	NA	NA	NA	NA	NA	NA	NA	NA	NA	NA	NA	NA	NA	NA
"56"	"PI533901"	7.73	7.63	0.0131061598951508	14.95	18.055	-0.171974522292994	1.1	0.6	0.833333333333334	68.5	69	-0.0072463768115942	0.84	0.85	-0.0117647058823528
"57"	"PI533902"	12.375	8.335	0.484703059388122	28.315	20.075	0.410460772104607	0.1	0.1	0	74.5	83.5	-0.107784431137725	0.665	0.64	0.0390625000000002
"58"	"PI533903"	10.95	9.855	0.111111111111111	22.65	21.315	0.0626319493314568	0.1	0.1	0	68.5	73.5	-0.0680272108843537	0.945	0.82	0.152439024390244
"59"	"PI533910"	8.285	6.6	0.25530303030303	23.51	19.49	0.206259620318112	0.1	0.1	0	69.5	65.5	0.0610687022900763	1.03	0.69	0.492753623188406
"60"	"PI533911"	9.51	7.785	0.221579961464354	23.605	20.005	0.179955011247188	0.1	0.43	-0.767441860465116	65	68	-0.0441176470588235	0.72	0.67	0.0746268656716419
"61"	"PI533912"	9.05	7.98	0.134085213032582	15.23	13.345	0.141251405020607	0.6	0.765	-0.215686274509804	50	50.5	-0.0099009900990099	1.21	1.045	0.157894736842105
"62"	"PI533913"	7.995	7.795	0.0256574727389351	18.43	20.215	-0.0883007667573584	0.6	0.765	-0.215686274509804	64	73	-0.123287671232877	0.72	0.8	-0.1
"63"	"PI533915"	9.725	8.45	0.150887573964497	18.17	17.825	0.0193548387096774	1.1	0.265	3.15094339622642	62	65.5	-0.0534351145038168	1.375	1.18	0.165254237288135
"64"	"PI533919"	12.26	12.7	-0.0346456692913385	23.19	23.29	-0.00429368827823106	0.1	0.1	0	66.5	67.5	-0.0148148148148148	0.7	0.685	0.021897810218978
"65"	"PI533921"	10.53	11.01	-0.0435967302452315	17.71	18.64	-0.0498927038626609	2.1	2.6	-0.192307692307692	66.5	67.5	-0.0148148148148148	0.975	1.1	-0.113636363636364
"66"	"PI533924"	9.135	10.545	-0.13371266002845	19.055	20.01	-0.0477261369315342	0.265	0.1	1.65	66	82	-0.195121951219512	0.84	0.625	0.344
"67"	"PI533927"	8.33	8.105	0.027760641579272	18.05	18.105	-0.00303783485225074	1.1	0.435	1.52873563218391	72	77	-0.0649350649350649	2.195	1.955	0.122762148337596
"68"	"PI533936"	6.675	5.66	0.179328621908127	19.47	17.88	0.0889261744966443	0.1	0.435	-0.770114942528736	66.5	69.5	-0.0431654676258993	0.68	0.77	-0.116883116883117
"69"	"PI533937"	9.485	9.905	-0.0424028268551238	20.815	21.81	-0.0456212746446586	0.935	0.1	8.35	62	68.5	-0.0948905109489051	0.98	0.92	0.0652173913043479
"70"	"PI533938"	9.435	7.825	0.205750798722045	17.15	14.725	0.164685908319185	1.265	0.1	11.65	61.5	63	-0.0238095238095238	1.8	1.685	0.0682492581602372
"71"	"PI533939"	11.51	9.845	0.169121381411884	17.495	17.305	0.0109794856977753	1.1	0.1	10	64	72	-0.111111111111111	1.705	1.64	0.0396341463414634
"72"	"PI533940"	6.92	6.575	0.0524714828897338	19.12	16.395	0.166209210125038	1.77	0.1	16.7	66.5	66.5	0	1.15	1.145	0.00436681222707414
"73"	"PI533943"	13.32	11.845	0.124525116082735	25.89	22.63	0.144056562085727	0.1	0.1	0	71	73	-0.0273972602739726	0.76	0.75	0.0133333333333333
"74"	"PI533948"	10.975	8.655	0.268053148469093	20.065	19.025	0.0546649145860709	0.435	0.1	3.35	72	66	0.0909090909090909	1.215	0.76	0.598684210526316
"75"	"PI533949"	9.025	7.97	0.13237139272271	18.92	17.16	0.102564102564103	0.265	0.6	-0.558333333333333	57.5	61.5	-0.0650406504065041	0.835	0.8	0.0437499999999999
"76"	"PI533954"	8.38	8.36	0.0023923444976076	15.135	16.435	-0.0790994828110739	0.43	0.6	-0.283333333333333	63	61.5	0.024390243902439	0.995	0.95	0.0473684210526316
"77"	"PI533955"	8.485	7.965	0.0652856246076585	19.72	17.8	0.107865168539326	0.265	0.1	1.65	67	71	-0.0563380281690141	0.675	0.71	-0.0492957746478872
"78"	"PI533956"	10.055	8.505	0.182245737801293	17.95	16.26	0.103936039360394	1.27	0.765	0.660130718954248	65	68	-0.0441176470588235	1.405	1.18	0.190677966101695
"79"	"PI533957"	8.645	7.685	0.124918672739102	19.095	17.69	0.0794234030525719	0.77	0.43	0.790697674418605	63.5	66	-0.0378787878787879	0.745	0.685	0.0875912408759123
"80"	"PI533961"	NA	NA	NA	NA	NA	NA	NA	NA	NA	63.5	64.5	-0.0155038759689922	0.835	0.865	-0.0346820809248555
"81"	"PI533962"	8.38	6.89	0.216255442670537	16.035	14	0.145357142857143	0.265	0.265	0	66.5	74	-0.101351351351351	1.28	1.035	0.23671497584541
"82"	"PI533964"	11.04	8.835	0.249575551782682	25.33	21.26	0.191439322671684	0.6	0.1	5	70.5	75.5	-0.0662251655629139	0.79	0.77	0.025974025974026
"83"	"PI533965"	7.43	6.875	0.0807272727272727	17.615	15.9	0.107861635220126	1.6	0.1	15	68	78	-0.128205128205128	0.885	0.855	0.0350877192982456
"84"	"PI533967"	9.105	7.22	0.261080332409972	21.845	17.54	0.245438996579247	2.435	0.1	23.35	79	80	-0.0125	0.825	0.745	0.10738255033557
"85"	"PI533970"	10.74	10.34	0.0386847195357834	21.86	22.255	-0.0177488204897777	1.435	1.765	-0.186968838526912	68.5	68	0.00735294117647059	0.715	0.77	-0.0714285714285715
"86"	"PI533972"	NA	NA	NA	NA	NA	NA	NA	NA	NA	74	75.5	-0.0198675496688742	1.1	1.06	0.0377358490566038
"87"	"PI533976"	10.84	10.625	0.020235294117647	19.31	20.155	-0.041925080625155	0.1	0.265	-0.622641509433962	65	65.5	-0.00763358778625954	0.77	0.76	0.0131578947368421
"88"	"PI533979"	8.56	7.495	0.14209472981988	16.82	15.28	0.100785340314136	0.77	0.265	1.90566037735849	60.5	63	-0.0396825396825397	1.1	0.955	0.151832460732984
"89"	"PI533980"	9.91	8.4	0.179761904761905	22.46	19.365	0.159824425509941	0.6	0.1	5	74.5	78.5	-0.0509554140127389	0.77	0.63	0.222222222222222
"90"	"PI533985"	10.42	9.045	0.152017689331122	22.12	18.055	0.225145389088895	2.1	0.765	1.74509803921569	65	71.5	-0.0909090909090909	0.865	0.815	0.0613496932515338
"91"	"PI533986"	11.13	10.705	0.0397010742643623	18.945	19.815	-0.0439061317183952	1.1	0.435	1.52873563218391	65.5	64	0.0234375	0.875	0.905	-0.0331491712707183
"92"	"PI533987"	9.735	10.395	-0.0634920634920635	19.845	20.255	-0.0202419155764009	1.27	1.1	0.154545454545454	58	59.5	-0.0252100840336134	0.855	0.85	0.00588235294117648
"93"	"PI533989"	8.41	8.75	-0.0388571428571428	19.255	20.14	-0.0439424031777556	0.77	0.77	0	68	76	-0.105263157894737	1.04	0.86	0.209302325581395
"94"	"PI533991"	10.49	9.865	0.0633552965027876	23.01	23.62	-0.0258255715495344	0.265	1.43	-0.814685314685315	66	67	-0.0149253731343284	0.96	0.985	-0.0253807106598985
"95"	"PI533996"	9.39	8.44	0.112559241706161	16.5	17.52	-0.058219178082192	0.1	0.1	0	64.5	65	-0.00769230769230769	1	0.975	0.0256410256410255
"96"	"PI533997"	10.765	10.1	0.0658415841584159	17.02	15.35	0.108794788273616	1.765	1.1	0.604545454545454	65.5	65	0.00769230769230769	1.215	1.26	-0.0357142857142858
"97"	"PI534009"	10.84	8.085	0.340754483611626	22.81	18.41	0.239000543183053	0.765	1.1	-0.304545454545455	86	82	0.048780487804878	0.82	0.985	-0.16751269035533
"98"	"PI534021"	9.91	11.48	-0.136759581881533	20.13	25.415	-0.207948062168011	0.435	0.93	-0.532258064516129	87.5	90.5	-0.0331491712707182	0.875	0.765	0.143790849673203
"99"	"PI534028"	NA	NA	NA	NA	NA	NA	NA	NA	NA	NA	NA	NA	NA	NA	NA
"100"	"PI534037"	8.4	6.455	0.301316808675445	12.63	12.375	0.0206060606060607	1.43	1.265	0.130434782608696	64	67	-0.0447761194029851	1.1	1.375	-0.2
"101"	"PI534046"	7.585	7.1	0.0683098591549295	16.335	15.58	0.0484595635430038	1.435	1.435	0	63.5	65.5	-0.0305343511450382	0.695	0.635	0.094488188976378
"102"	"PI534047"	8.09	7.88	0.0266497461928934	16.64	18.11	-0.0811706239646603	0.265	1.1	-0.759090909090909	53.5	71.5	-0.251748251748252	1.04	0.785	0.32484076433121
"103"	"PI534053"	8.625	9.02	-0.0437915742793791	17.925	19.255	-0.069072968060244	0.6	0.435	0.379310344827586	72.5	77	-0.0584415584415584	0.71	0.735	-0.0340136054421769
"104"	"PI534054"	8.87	8.775	0.0108262108262109	22.595	19.775	0.142604298356511	0.77	0.265	1.90566037735849	76	81	-0.0617283950617284	0.71	0.765	-0.0718954248366014
"105"	"PI534063"	9.045	8.005	0.129918800749531	16.015	16.41	-0.0240706886045094	0.6	0.265	1.26415094339623	NA	NA	NA	9.67	1.35	6.16296296296296
"106"	"PI534070"	9.02	8.3	0.0867469879518071	18.36	16.32	0.125	0.435	0.1	3.35	60.5	62.5	-0.032	1.245	0.95	0.310526315789474
"107"	"PI534075"	NA	NA	NA	NA	NA	NA	NA	NA	NA	NA	NA	NA	NA	NA	NA
"108"	"PI534079"	NA	NA	NA	NA	NA	NA	NA	NA	NA	NA	NA	NA	NA	NA	NA
"109"	"PI534088"	NA	NA	NA	NA	NA	NA	NA	NA	NA	NA	NA	NA	NA	NA	NA
"110"	"PI534092"	NA	NA	NA	NA	NA	NA	NA	NA	NA	NA	NA	NA	NA	NA	NA
"111"	"PI534096"	11.115	9.65	0.151813471502591	19.535	20.4	-0.0424019607843138	1.1	0.1	10	73.5	68	0.0808823529411765	0.42	0.67	-0.373134328358209
"112"	"PI534097"	8.135	7.075	0.14982332155477	22.56	21.09	0.0697012802275961	0.765	0.6	0.275	66.5	69	-0.036231884057971	0.685	0.69	-0.00724637681159405
"113"	"PI534099"	11.335	9.05	0.252486187845304	18.52	16.055	0.153534724384927	0.6	1.1	-0.454545454545455	64	68	-0.0588235294117647	0.775	0.74	0.0472972972972973
"114"	"PI534101"	10.855	10.63	0.0211665098777047	20.835	21.245	-0.019298658507884	0.1	0.435	-0.770114942528736	67.5	67	0.00746268656716418	0.855	0.845	0.0118343195266272
"115"	"PI534105"	8.54	8.7	-0.018390804597701	17.665	15.3	0.154575163398693	0.765	1.43	-0.465034965034965	66	67	-0.0149253731343284	0.775	0.78	-0.00641025641025642
"116"	"PI534108"	8.54	8.12	0.0517241379310342	17.27	14.925	0.157118927973199	0.435	0.1	3.35	67	72.5	-0.0758620689655172	1.18	1.18	0
"117"	"PI534112"	9.01	9.095	-0.00934579439252326	17.23	18.435	-0.0653647952264713	0.265	0.6	-0.558333333333333	67.5	72	-0.0625	0.86	0.8	0.0749999999999999
"118"	"PI534114"	8.635	7.985	0.0814026299311209	21.855	22.44	-0.0260695187165776	0.6	0.935	-0.358288770053476	69	70.5	-0.0212765957446809	0.81	0.79	0.0253164556962026
"119"	"PI534115"	12.15	9.15	0.327868852459017	19.42	15.195	0.278051990786443	0.1	0.1	0	64	70.5	-0.0921985815602837	0.825	0.78	0.0576923076923076
"120"	"PI534116"	7.045	7.215	-0.0235620235620236	17.37	19.835	-0.124275270985632	1.435	0.935	0.53475935828877	66	67	-0.0149253731343284	0.86	0.815	0.0552147239263804
"121"	"PI534117"	10.31	9.355	0.102084446819882	20.03	19.105	0.0484166448573674	0.1	0.1	0	62.5	63.5	-0.015748031496063	0.805	0.795	0.0125786163522011
"122"	"PI534123"	9.69	9.14	0.0601750547045951	20.13	21.18	-0.0495750708215298	0.1	0.1	0	63.5	65	-0.0230769230769231	1.02	0.995	0.0251256281407035
"123"	"PI534124"	8.52	8.175	0.0422018348623852	17.315	17.485	-0.009722619388047	0.265	0.435	-0.390804597701149	65.5	69.5	-0.0575539568345324	1.21	1.015	0.192118226600985
"124"	"PI534127"	7.64	7.345	0.0401633764465623	15.215	13.635	0.115878254492116	0.265	0.1	1.65	69	72	-0.0416666666666667	1.37	1.43	-0.0419580419580418
"125"	"PI534128"	10.46	11.17	-0.063563115487914	24.025	24.375	-0.0143589743589744	0.265	0.1	1.65	72	73.5	-0.0204081632653061	0.94	0.95	-0.0105263157894738
"126"	"PI534132"	11.345	9.575	0.184856396866841	21.365	18.915	0.129526830557759	0.265	0.1	1.65	67.5	74	-0.0878378378378378	0.86	0.64	0.34375
"127"	"PI534133"	11.985	10.955	0.0940209949794614	26.02	22.815	0.140477755862371	0.1	0.1	0	72.5	76.5	-0.0522875816993464	0.945	0.825	0.145454545454546
"128"	"PI534135"	9.97	7.67	0.29986962190352	24.18	18.39	0.31484502446982	0.1	0.1	0	76	91	-0.164835164835165	0.745	0.57	0.307017543859649
"129"	"PI534137"	9.09	7.895	0.151361621279291	19.75	18.745	0.0536142971459057	1.935	1.935	0	72.5	70.5	0.0283687943262411	1.025	1.16	-0.116379310344828
"130"	"PI534138"	NA	NA	NA	NA	NA	NA	NA	NA	NA	NA	NA	NA	NA	NA	NA
"131"	"PI534139"	5.465	5.015	0.0897308075772682	12.46	12.41	0.00402900886381956	0.93	0.6	0.55	59.5	72	-0.173611111111111	2.045	1.725	0.185507246376811
"132"	"PI534144"	9.315	9.71	-0.0406797116374871	19.25	16.405	0.173422736970436	1.1	0.935	0.176470588235294	70	71	-0.0140845070422535	1.57	1.99	-0.21105527638191
"133"	"PI534145"	6.015	6.69	-0.100896860986547	12.805	15.11	-0.152547981469226	2.43	1.935	0.255813953488372	58.5	61	-0.040983606557377	0.97	0.865	0.121387283236994
"134"	"PI534148"	10.92	10.79	0.0120481927710844	23.315	24.66	-0.0545417680454178	0.1	0.1	0	67	69.5	-0.0359712230215827	0.915	0.905	0.0110497237569061
"135"	"PI534155"	12.65	10.23	0.236559139784946	26.62	22.52	0.182060390763765	0.1	0.1	0	75.5	80.5	-0.062111801242236	0.79	0.805	-0.0186335403726707
"136"	"PI534157"	10.415	10.2	0.021078431372549	23.71	23.665	0.00190154236213825	0.6	0.1	5	71	76	-0.0657894736842105	0.92	0.87	0.057471264367816
"137"	"PI534163"	8.06	8.1	-0.00493827160493839	23.065	26.425	-0.127152317880795	0.435	0.265	0.641509433962264	70	73.5	-0.0476190476190476	0.785	0.74	0.0608108108108107
"138"	"PI534167"	NA	NA	NA	NA	NA	NA	NA	NA	NA	NA	NA	NA	NA	NA	NA
"139"	"PI540816"	NA	NA	NA	NA	NA	NA	NA	NA	NA	NA	NA	NA	NA	NA	NA
"140"	"PI542406"	6.64	6.645	-0.000752445447704892	12.825	14.355	-0.106583072100314	2.27	3.1	-0.267741935483871	78.5	77.5	0.0129032258064516	1.68	1.415	0.187279151943463
"141"	"PI542718"	11.595	11.82	-0.019035532994924	18	17.105	0.0523238819058754	0.265	0.1	1.65	63	66	-0.0454545454545455	1.355	1.38	-0.0181159420289854
"142"	"PI548797"	9.495	10.13	-0.0626850937808488	18.64	21.82	-0.145737855178735	0.1	0.435	-0.770114942528736	69	73.5	-0.0612244897959184	1.035	0.975	0.0615384615384617
"143"	"PI552856"	NA	NA	NA	NA	NA	NA	NA	NA	NA	NA	NA	NA	NA	NA	NA
"144"	"PI552861"	9.995	8.59	0.163562281722934	17.5	16.655	0.0507355148604022	0.77	0.1	6.7	66	66	0	1.095	0.99	0.106060606060606
"145"	"PI561071"	NA	NA	NA	NA	NA	NA	NA	NA	NA	NA	NA	NA	NA	NA	NA
"146"	"PI561072"	10.09	11.16	-0.0958781362007169	22.345	24.04	-0.0705074875207987	0.1	0.43	-0.767441860465116	71	69	0.0289855072463768	0.875	0.84	0.0416666666666667
"147"	"PI561073"	10.925	10.37	0.0535197685631631	21.92	21.07	0.0403417180825819	1.1	0.43	1.55813953488372	78	84	-0.0714285714285714	1.15	1.16	-0.00862068965517242
"148"	"PI561472"	9.985	8.405	0.187983343248066	18.76	16.455	0.140079003342449	0.265	0.1	1.65	75.5	82	-0.0792682926829268	1.755	1.645	0.066869300911854
"149"	"PI562730"	NA	NA	NA	NA	NA	NA	NA	NA	NA	NA	NA	NA	NA	NA	NA
"150"	"PI564163"	9.31845360824742	8.24094117647059	0.130751137364423	18.7727835051546	18.2242352941176	0.0300999302403678	0.140510204081633	0.154705882352941	-0.091759137114922	64.7378640776699	68.9764705882353	-0.0614500346918059	1.09949367088608	1.01129411764706	0.087214541941792
"151"	"PI564164"	8.69	6.795	0.27888153053716	21.005	15.93	0.318581293157564	0.265	0.1	1.65	74	77	-0.038961038961039	0.865	0.72	0.201388888888889
"152"	"PI564165"	10.41	10.015	0.0394408387418871	23.48	23.16	0.0138169257340242	0.1	0.1	0	78	81	-0.037037037037037	0.87	0.835	0.0419161676646707
"153"	"PI565121"	12.965	10.44	0.241858237547893	21.49	21.02	0.022359657469077	0.1	0.1	0	66	69.5	-0.0503597122302158	1.185	1.215	-0.0246913580246912
"154"	"PI566819"	NA	NA	NA	NA	NA	NA	NA	NA	NA	NA	NA	NA	NA	NA	NA
"155"	"PI576130"	12.53	9.065	0.382239382239382	19.44	16.655	0.167217051936355	0.765	0.435	0.758620689655172	77	79.5	-0.0314465408805031	2.46	2.155	0.1415313225058
"156"	"PI576332"	7.535	7.145	0.0545836249125263	16.015	16.77	-0.0450208706022659	0.265	0.265	0	58	59	-0.0169491525423729	0.73	0.73	0
"157"	"PI576333"	9.325	7.745	0.204002582311169	18.825	17.96	0.0481625835189309	0.265	0.1	1.65	68.5	72	-0.0486111111111111	0.87	0.885	-0.0169491525423728
"158"	"PI576337"	6.97	6.25	0.1152	16.46	14.56	0.130494505494506	1.1	0.265	3.15094339622642	64	67	-0.0447761194029851	0.925	0.91	0.0164835164835165
"159"	"PI576339"	9.99	7.3	0.368493150684931	21.04	17.465	0.204695104494704	0.1	0.1	0	64	65.5	-0.0229007633587786	1.005	1.055	-0.0473933649289102
"160"	"PI576340"	9.39	9.145	0.0267905959540734	22.39	21.435	0.0445533006764636	0.1	0.1	0	70	77	-0.0909090909090909	1.48	1.335	0.108614232209738
"161"	"PI576345"	9.77	8.94	0.0928411633109618	20.435	19.36	0.0555268595041324	0.6	0.93	-0.354838709677419	69.5	71.5	-0.027972027972028	1.295	1.285	0.00778210116731501
"162"	"PI576347"	7.095	8.105	-0.124614435533621	14.365	17.82	-0.193883277216611	2.435	2.85	-0.145614035087719	54	58.5	-0.0769230769230769	0.815	0.81	0.00617283950617271
"163"	"PI576348"	5.82	5.485	0.0610756608933457	15.05	13.635	0.103777044371104	3.1	2.1	0.476190476190476	66	70	-0.0571428571428571	0.95	0.93	0.021505376344086
"164"	"PI576349"	5.08	5.07	0.00197238658777116	14.515	14.99	-0.0316877918612408	3.265	2.43	0.343621399176955	65	65	0	0.895	0.94	-0.0478723404255318
"165"	"PI576350"	NA	NA	NA	NA	NA	NA	NA	NA	NA	NA	NA	NA	NA	NA	NA
"166"	"PI576352"	10.36	8.13	0.274292742927429	20.75	17.75	0.169014084507042	0.1	0.265	-0.622641509433962	69	71	-0.028169014084507	0.795	0.675	0.177777777777778
"167"	"PI576359"	8.37	8.22	0.0182481751824816	15.86	16.765	-0.0539815090963317	0.1	0.435	-0.770114942528736	76.5	74	0.0337837837837838	1.625	1.555	0.045016077170418
"168"	"PI576364"	8.005	6.56	0.220274390243902	17.415	15.9	0.0952830188679245	1.1	0.1	10	62	68	-0.0882352941176471	0.955	0.98	-0.0255102040816327
"169"	"PI576366"	10.15	8.72	0.163990825688074	17.63	15.72	0.121501272264631	0.1	0.265	-0.622641509433962	60	63	-0.0476190476190476	1.025	0.985	0.0406091370558374
"170"	"PI576373"	9.04	8.28	0.0917874396135265	19.29	16.93	0.139397519196692	0.6	0.265	1.26415094339623	67.5	72.5	-0.0689655172413793	0.905	0.89	0.0168539325842697
"171"	"PI576375"	10.855	10.415	0.0422467594815172	21.54	21.515	0.00116198001394369	0.1	0.93	-0.89247311827957	68	67.5	0.00740740740740741	1.15	0.985	0.16751269035533
"172"	"PI576376"	12.87	11	0.17	23.615	20.745	0.138346589539648	1.1	1.1	0	67	74	-0.0945945945945946	0.82	0.735	0.115646258503401
"173"	"PI576380"	11.375	10.03	0.134097706879362	22.755	19.225	0.183615084525358	0.1	0.1	0	71	69	0.0289855072463768	1.14	1.145	-0.00436681222707414
"174"	"PI576381"	13.215	13.57	-0.0261606484893147	26.98	27.7	-0.0259927797833935	1.265	2.1	-0.397619047619048	74.5	88	-0.153409090909091	0.555	0.69	-0.195652173913043
"175"	"PI576385"	9.315	9.155	0.0174767886400874	18.25	18.375	-0.00680272108843537	0.765	0.265	1.88679245283019	59	61.5	-0.040650406504065	1.115	1.235	-0.0971659919028339
"176"	"PI576386"	8.42	6.85	0.229197080291971	17.905	17.87	0.00195858981533317	1.1	0.1	10	76	78	-0.0256410256410256	1.725	1.6	0.078125
"177"	"PI576387"	9.655	7.955	0.213702074167191	17.97	14.685	0.223697650663943	0.265	0.6	-0.558333333333333	61.5	66.5	-0.075187969924812	0.98	1.05	-0.0666666666666667
"178"	"PI576390"	8.595	8.315	0.0336740829825613	13.72	13.77	-0.00363108206245466	0.765	0.6	0.275	61.5	63	-0.0238095238095238	1.01	1.065	-0.0516431924882629
"179"	"PI576391"	NA	NA	NA	NA	NA	NA	NA	NA	NA	NA	NA	NA	NA	NA	NA
"180"	"PI576393"	8.645	6.835	0.264813460131675	14.63	11.845	0.235120303925707	0.935	0.265	2.52830188679245	60.5	61	-0.00819672131147541	1.085	0.795	0.364779874213836
"181"	"PI576394"	9.705	7.715	0.257939079714841	20.64	18.055	0.14317363611188	0.1	0.1	0	67	66	0.0151515151515152	0.845	0.875	-0.0342857142857143
"182"	"PI576396"	8.44	8.215	0.0273889227023737	16.885	16.375	0.0311450381679388	0.1	0.435	-0.770114942528736	67.5	70.5	-0.0425531914893617	0.95	0.95	0
"183"	"PI576399"	6.42	7.625	-0.158032786885246	13.08	16.01	-0.183010618363523	0.1	0.1	0	66	71	-0.0704225352112676	1.415	1.165	0.214592274678112
"184"	"PI576401"	9.65	11.23	-0.140694568121104	18.41	21.46	-0.142124883504194	0.265	0.1	1.65	79.5	83	-0.0421686746987952	1.495	1.31	0.141221374045802
"185"	"PI576418"	9.305	9.03	0.0304540420819489	21.795	20.33	0.0720609936055093	1.6	0.1	15	76.5	77	-0.00649350649350649	1.12	1.09	0.0275229357798165
"186"	"PI576422"	9.2	8.06	0.141439205955335	19.775	18.84	0.049628450106157	0.1	0.1	0	69	74	-0.0675675675675676	0.875	0.85	0.0294117647058824
"187"	"PI576425"	13.315	12.175	0.0936344969199179	26.425	27.355	-0.0339974410528238	0.1	0.1	0	66	72	-0.0833333333333333	0.82	0.835	-0.0179640718562873
"188"	"PI576426"	NA	NA	NA	NA	NA	NA	0.1	0.435	-0.770114942528736	72	77.5	-0.0709677419354839	1.25	0.94	0.329787234042553
"189"	"PI576428"	12.055	9.795	0.230729964267483	24.05	17.255	0.393798898869893	0.1	0.265	-0.622641509433962	69	77	-0.103896103896104	1.05	1	0.05
"190"	"PI576434"	NA	NA	NA	NA	NA	NA	NA	NA	NA	NA	NA	NA	NA	NA	NA
"191"	"PI576435"	10.75	9.135	0.176792556102901	20.03	17.46	0.147193585337915	1.77	0.6	1.95	67	71	-0.0563380281690141	0.92	0.86	0.0697674418604652
"192"	"PI576437"	7.29	6.335	0.150749802683504	17.28	13.905	0.242718446601942	1.265	0.1	11.65	64.5	67	-0.0373134328358209	1.44	1.505	-0.0431893687707641
"193"	"PI585291"	NA	NA	NA	NA	NA	NA	NA	NA	NA	NA	NA	NA	NA	NA	NA
"194"	"PI585295"	12.1	11.255	0.0750777432252333	22.51	18.825	0.195750332005312	0.6	0.1	5	64	74.5	-0.140939597315436	0.68	0.66	0.0303030303030303
"195"	"PI595699"	8.395	9.5	-0.116315789473684	16.135	18.895	-0.146070388991797	0.1	0.1	0	76	75	0.0133333333333333	0.805	0.755	0.0662251655629138
"196"	"PI595702"	8.485	6.79	0.249631811487482	19.39	16.395	0.182677645623666	0.1	0.265	-0.622641509433962	63	70.5	-0.106382978723404	1.3	1.23	0.0569105691056911
"197"	"PI595714"	10.415	10.26	0.0151072124756333	20.305	20.63	-0.0157537566650509	0.43	0.265	0.622641509433962	62	64.5	-0.0387596899224806	0.585	0.67	-0.126865671641791
"198"	"PI595718"	10.155	8.62	0.178074245939675	17.035	16.81	0.0133848899464603	1.1	0.6	0.833333333333334	58.5	59	-0.00847457627118644	0.755	0.78	-0.0320512820512821
"199"	"PI595720"	11.665	10.13	0.151530108588351	19	19.355	-0.0183415138207182	0.1	0.1	0	62	66	-0.0606060606060606	0.615	0.595	0.0336134453781513
"200"	"PI595739"	12.455	12.715	-0.0204482894219426	24.88	26.035	-0.0443633570193969	0.93	0.435	1.13793103448276	68.5	70.5	-0.0283687943262411	0.935	0.82	0.140243902439024
"201"	"PI595740"	9.72	8.235	0.180327868852459	22.715	19.29	0.177553136340073	0.265	0.265	0	72	76.5	-0.0588235294117647	1.125	1.125	0
"202"	"PI595741"	6.525	6.875	-0.0509090909090909	16.005	17.1	-0.0640350877192984	1.935	1.43	0.353146853146853	65.5	69	-0.0507246376811594	0.87	0.785	0.10828025477707
"203"	"PI595743"	6.615	7.075	-0.0650176678445228	19.995	20.175	-0.00892193308550185	0.1	0.1	0	76	82	-0.0731707317073171	0.88	0.64	0.375
"204"	"PI595744"	10.5	9.52	0.102941176470588	17.81	16.085	0.107242772769661	0.765	0.265	1.88679245283019	63.5	66.5	-0.0451127819548872	1.1	1.12	-0.0178571428571429
"205"	"PI595745"	NA	NA	NA	NA	NA	NA	NA	NA	NA	NA	NA	NA	NA	NA	NA
"206"	"PI597945"	10.45	12.405	-0.157597742845627	18.96	23.55	-0.194904458598726	0.265	0.265	0	62	65	-0.0461538461538462	1.31	1.08	0.212962962962963
"207"	"PI597946"	6.825	6.9	-0.0108695652173915	14.92	15.535	-0.0395880270357258	0.77	0.765	0.00653594771241831	61	64	-0.046875	1.065	0.965	0.103626943005181
"208"	"PI597949"	8.265	6.47	0.277434312210201	19.305	16.87	0.1443390634262	0.265	0.1	1.65	78.5	83	-0.0542168674698795	1.215	1.33	-0.0864661654135338
"209"	"PI597950"	8.115	8.1	0.00185185185185192	12.58	12.31	0.0219333874898458	0.1	0.1	0	64	63.5	0.0078740157480315	1.68	1.73	-0.0289017341040463
"210"	"PI597951"	8.07	6.06	0.331683168316832	20.055	12.61	0.590404440919905	1.435	3.43	-0.581632653061224	67	67	0	1.395	1.22	0.14344262295082
"211"	"PI597952"	9.3	9.26	0.00431965442764589	19.845	19.78	0.00328614762386237	1.1	0.265	3.15094339622642	63	65	-0.0307692307692308	0.68	0.675	0.00740740740740725
"212"	"PI597957"	11.71	11.155	0.0497534737785748	23.24	23.745	-0.0212676352916402	0.265	0.435	-0.390804597701149	67	68.5	-0.0218978102189781	0.675	0.685	-0.0145985401459854
"213"	"PI597958"	10.055	10.315	-0.0252060106640816	21.08	22.56	-0.0656028368794326	0.935	0.765	0.222222222222222	67.5	68.5	-0.0145985401459854	1.01	0.88	0.147727272727273
"214"	"PI597960"	8.365	12.185	-0.313500205170291	19.125	19.59	-0.0237366003062787	0.6	0.1	5	71.5	75	-0.0466666666666667	2.4	2.18	0.10091743119266
"215"	"PI597961"	10.155	8.865	0.145516074450085	17.245	15.85	0.0880126182965302	0.6	0.1	5	64	65.5	-0.0229007633587786	0.87	0.88	-0.0113636363636364
"216"	"PI597964"	9.83	7.53	0.305444887118194	22.41	17.155	0.306324686680268	0.1	0.1	0	72.5	76.5	-0.0522875816993464	1.095	0.945	0.158730158730159
"217"	"PI597965"	10.615	11.085	-0.0423996391520073	16.935	17.975	-0.0578581363004174	0.1	0.6	-0.833333333333333	61.5	60.5	0.0165289256198347	0.995	0.995	1.11580203479915e-16
"218"	"PI597966"	10.915	9.785	0.115482881962187	19.1	17.35	0.100864553314121	1.435	0.93	0.543010752688172	66	65.5	0.00763358778625954	0.865	0.825	0.0484848484848485
"219"	"PI597967"	14.12	9.19	0.536452665941241	23.745	16.025	0.481747269890796	0.265	0.1	1.65	67	68	-0.0147058823529412	0.785	0.78	0.00641025641025642
"220"	"PI597968"	7.8	7.32	0.0655737704918033	18.83	17.79	0.058459808881394	0.1	0.1	0	62	65	-0.0461538461538462	0.735	0.705	0.0425531914893616
"221"	"PI597971"	8.83	8.115	0.0881084411583487	22.07	20.56	0.0734435797665369	0.265	0.1	1.65	65	68	-0.0441176470588235	0.945	0.94	0.00531914893617034
"222"	"PI597972"	11.08	11.435	-0.0310450371665937	20.365	22.53	-0.0960940967598757	0.1	0.1	0	64	65	-0.0153846153846154	1.04	0.97	0.0721649484536083
"223"	"PI597973"	10.45	9.955	0.0497237569060773	18.55	21.73	-0.146341463414634	0.265	0.265	0	69.5	69	0.0072463768115942	1.05	1.035	0.0144927536231883
"224"	"PI597976"	7.4	7.06	0.048158640226629	14.14	15.76	-0.102791878172589	1.1	1.765	-0.376770538243626	61.5	63.5	-0.031496062992126	1.53	1.83	-0.163934426229508
"225"	"PI597980"	10.045	8.96	0.12109375	15.21	15.3	-0.00588235294117646	0.6	0.6	0	61	62.5	-0.024	0.9	0.915	-0.0163934426229508
"226"	"PI597982"	9.85	9.48	0.0390295358649788	17.575	18.46	-0.0479414951245938	0.435	0.1	3.35	60.5	62	-0.0241935483870968	1.1	1.085	0.0138248847926268
"227"	"PI598069"	NA	NA	NA	NA	NA	NA	NA	NA	NA	NA	NA	NA	NA	NA	NA
"228"	"PI598070"	NA	NA	NA	NA	NA	NA	NA	NA	NA	NA	NA	NA	NA	NA	NA
"229"	"PI601816"	9.955	8.88	0.121058558558559	16.155	17.86	-0.0954647256438969	0.435	0.435	0	67.5	76	-0.111842105263158	2	1.305	0.532567049808429
"230"	"PI607931"	8.18	7.065	0.157820240622788	17.73	21.18	-0.162889518413598	0.265	0.6	-0.558333333333333	74.5	82	-0.0914634146341463	0.76	0.73	0.0410958904109589
"231"	"PI609456"	6.415	7.15	-0.102797202797203	18.445	15.845	0.164089618176081	2.1	0.1	20	68.5	75	-0.0866666666666667	3.32	1.905	0.742782152230971
"232"	"PI613536"	10.035	11.535	-0.130039011703511	19.455	23.295	-0.164842240824211	0.765	2.1	-0.635714285714286	69	73	-0.0547945205479452	1.295	1.125	0.151111111111111
"233"	"PI629034"	NA	NA	NA	NA	NA	NA	NA	NA	NA	NA	NA	NA	NA	NA	NA
"234"	"PI629040"	10.38	10.195	0.0181461500735653	20.97	20.865	0.0050323508267432	0.935	0.435	1.14942528735632	75.5	79	-0.0443037974683544	0.475	0.69	-0.311594202898551
"235"	"PI629059"	10.715	9.16	0.169759825327511	22.83	19.79	0.153612935826175	0.265	0.1	1.65	66.5	71	-0.0633802816901408	0.81	0.875	-0.0742857142857142
"236"	"PI641824"	NA	NA	NA	NA	NA	NA	NA	NA	NA	NA	NA	NA	NA	NA	NA
"237"	"PI641836"	NA	NA	NA	NA	NA	NA	NA	NA	NA	NA	NA	NA	NA	NA	NA
"238"	"PI641849"	7.54	6.465	0.166279969064192	16.655	14.385	0.157803267292318	1.765	0.1	16.65	59	58	0.0172413793103448	1.98	1.94	0.0206185567010309
"239"	"PI641874"	9.705	10.555	-0.0805305542396968	21.035	19.54	0.0765097236438075	1.265	0.1	11.65	66.5	65	0.0230769230769231	0.75	0.685	0.094890510948905
"240"	"PI642791"	10.545	9.635	0.0944473274519979	22.325	19.29	0.157335406946605	0.1	0.1	0	68.5	72	-0.0486111111111111	0.85	0.77	0.103896103896104
"241"	"PI642793"	11.2	10.645	0.0521371535932362	17.57	17.565	0.000284656988329209	0.1	0.1	0	66.5	69.5	-0.0431654676258993	0.87	0.795	0.0943396226415095
"242"	"PI642992"	10.265	11.82	-0.13155668358714	18.985	22.78	-0.166593503072871	0.935	2.1	-0.554761904761905	68.5	69	-0.0072463768115942	2.165	2.16	0.00231481481481477
"243"	"PI642998"	12.255	12.92	-0.0514705882352942	19.28	22.12	-0.128390596745027	0.765	1.935	-0.604651162790698	67	70	-0.0428571428571429	2.975	2.915	0.0205831903945112
"244"	"PI651492"	NA	NA	NA	NA	NA	NA	NA	NA	NA	NA	NA	NA	NA	NA	NA
"245"	"PI651496"	7.42	6.12	0.212418300653595	18.045	16.9	0.067751479289941	0.265	0.1	1.65	83	86	-0.0348837209302326	3.075	2.825	0.0884955752212389
"246"	"PI653616"	NA	NA	NA	NA	NA	NA	NA	NA	NA	NA	NA	NA	NA	NA	NA
"247"	"PI653617"	NA	NA	NA	NA	NA	NA	NA	NA	NA	NA	NA	NA	NA	NA	NA
"248"	"PI655970"	9.5	7.96	0.193467336683417	20.805	19.13	0.0875588081547306	0.265	0.1	1.65	77.5	84	-0.0773809523809524	1.835	1.575	0.165079365079365
"249"	"PI655971"	9.43	9.965	-0.0536879076768691	16.295	17.27	-0.0564562825709321	1.6	2.265	-0.293598233995585	60	62.5	-0.04	0.95	0.94	0.0106382978723404
"250"	"PI655972"	7.67	9.06	-0.153421633554084	17.42	20.945	-0.168297923132012	0.265	0.1	1.65	71	74.5	-0.0469798657718121	1.89	1.795	0.0529247910863511
"251"	"PI655973"	12.35	12.11	0.0198183319570603	23.68	22.39	0.0576150066994193	2.27	2.1	0.0809523809523809	68.5	73	-0.0616438356164384	1.84	1.755	0.0484330484330484
"252"	"PI655974"	8.35	8.44	-0.0106635071090047	18.82	17.66	0.0656851642129105	0.43	0.1	3.3	68.5	73.5	-0.0680272108843537	1.71	1.535	0.11400651465798
"253"	"PI655975"	9.45	9.68	-0.0237603305785124	20.17	22.62	-0.108311229000884	0.1	0.435	-0.770114942528736	68	68.5	-0.0072992700729927	0.79	0.76	0.0394736842105263
"254"	"PI655976"	10.56	8.675	0.217291066282421	21.135	18.15	0.164462809917355	0.765	0.1	6.65	66.5	77	-0.136363636363636	0.77	0.695	0.107913669064748
"255"	"PI655977"	11.26	11.765	-0.0429239269018275	25.225	25.565	-0.0132994328183061	0.6	0.6	0	65.5	68	-0.0367647058823529	0.63	0.595	0.0588235294117648
"256"	"PI655978"	11.5	9.36	0.228632478632479	22.93	18.86	0.215800636267232	1.935	1.265	0.529644268774703	68	67	0.0149253731343284	0.84	0.79	0.0632911392405062
"257"	"PI655979"	11.09	10.075	0.100744416873449	19.48	18.52	0.0518358531317495	1.1	0.6	0.833333333333334	65	66.5	-0.0225563909774436	0.78	0.75	0.04
"258"	"PI655980"	NA	NA	NA	NA	NA	NA	NA	NA	NA	NA	NA	NA	NA	NA	NA
"259"	"PI655981"	6.49	6.2	0.0467741935483871	16.04	15.865	0.0110305704380712	1.6	0.6	1.66666666666667	67.5	68	-0.00735294117647059	1.66	2.7	-0.385185185185185
"260"	"PI655982"	NA	NA	NA	NA	NA	NA	NA	NA	NA	NA	NA	NA	NA	NA	NA
"261"	"PI655983"	NA	NA	NA	NA	NA	NA	NA	NA	NA	NA	NA	NA	NA	NA	NA
"262"	"PI655984"	NA	NA	NA	NA	NA	NA	NA	NA	NA	NA	NA	NA	NA	NA	NA
"263"	"PI655985"	NA	NA	NA	NA	NA	NA	NA	NA	NA	NA	NA	NA	NA	NA	NA
"264"	"PI655986"	NA	NA	NA	NA	NA	NA	NA	NA	NA	NA	NA	NA	NA	NA	NA
"265"	"PI655987"	NA	NA	NA	NA	NA	NA	NA	NA	NA	NA	NA	NA	NA	NA	NA
"266"	"PI655988"	NA	NA	NA	NA	NA	NA	NA	NA	NA	NA	NA	NA	NA	NA	NA
"267"	"PI655989"	NA	NA	NA	NA	NA	NA	NA	NA	NA	NA	NA	NA	NA	NA	NA
"268"	"PI655990"	NA	NA	NA	NA	NA	NA	NA	NA	NA	NA	NA	NA	NA	NA	NA
"269"	"PI655991"	NA	NA	NA	NA	NA	NA	NA	NA	NA	NA	NA	NA	NA	NA	NA
"270"	"PI655992"	8.84	8.13	0.0873308733087332	16.43	17.36	-0.0535714285714286	0.265	0.1	1.65	65.5	68.5	-0.0437956204379562	0.94	0.975	-0.0358974358974359
"271"	"PI655993"	10.21	9.325	0.0949061662198393	22.87	19.81	0.154467440686522	0.935	0.435	1.14942528735632	66	71.5	-0.0769230769230769	0.775	0.735	0.054421768707483
"272"	"PI655994"	9.295	9.27	0.0026968716289105	15.785	16.88	-0.0648696682464456	0.6	0.6	0	65	67.5	-0.037037037037037	2.365	2.415	-0.0207039337474119
"273"	"PI655995"	11.65	12.085	-0.0359950351675633	24	23.68	0.0135135135135135	2.1	1.435	0.463414634146341	77	77.5	-0.00645161290322581	1.945	1.73	0.124277456647399
"274"	"PI655996"	10.29	10.415	-0.0120019203072492	22.85	22.03	0.0372219700408534	0.43	0.35	0.228571428571429	69	67.5	0.0222222222222222	0.88	0.77	0.142857142857143
"275"	"PI655997"	9.435	8.53	0.106096131301289	17.935	17.785	0.00843407365757673	1.935	0.435	3.44827586206897	66	73.5	-0.102040816326531	1.07	0.83	0.289156626506024
"276"	"PI655998"	10.35	9.08	0.139867841409692	19.73	17.585	0.121978959340347	0.1	0.1	0	61.5	65	-0.0538461538461538	0.6	0.605	-0.00826446280991736
"277"	"PI655999"	3.65	13.1	-0.721374045801527	9.96	31.97	-0.688457929308727	2.77	0.1	26.7	69	71	-0.028169014084507	1.62	0.8	1.025
"278"	"PI656000"	9.165	8.075	0.134984520123839	22.52	19.145	0.176286236615304	0.1	0.1	0	64	65.5	-0.0229007633587786	0.815	0.86	-0.052325581395349
"279"	"PI656001"	9.475	7.925	0.195583596214511	20.385	18.92	0.0774312896405918	0.435	0.1	3.35	80	80	0	0.965	0.94	0.0265957446808511
"280"	"PI656002"	8.36	6.815	0.226705796038151	18.615	17.21	0.0816385822196398	0.1	0.1	0	68	73.5	-0.0748299319727891	0.745	0.72	0.0347222222222223
"281"	"PI656003"	9.34	7.605	0.228139381985536	22.33	18.105	0.233360950013808	2.43	0.935	1.59893048128342	73	77	-0.051948051948052	1.515	1.45	0.0448275862068967
"282"	"PI656004"	8.845	7.55	0.171523178807947	19.79	15.01	0.318454363757495	0.265	0.435	-0.390804597701149	69.5	77.5	-0.103225806451613	0.8	0.675	0.185185185185185
"283"	"PI656005"	11.04	10.055	0.0979612133267031	24.065	19.87	0.21112229491696	1.1	0.1	10	66.5	65	0.0230769230769231	0.675	0.65	0.0384615384615385
"284"	"PI656006"	9.09	7.63	0.1913499344692	19.46	21.075	-0.0766310794780547	0.1	0.1	0	72.5	79.5	-0.0880503144654088	0.79	0.75	0.0533333333333334
"285"	"PI656007"	7.45	7.765	-0.0405666452028332	18.875	19.03	-0.00814503415659491	0.435	0.1	3.35	67	68.5	-0.0218978102189781	0.86	0.835	0.0299401197604791
"286"	"PI656008"	10.875	9.95	0.0929648241206031	19.115	19.18	-0.00338894681960364	0.1	0.1	0	69	72.5	-0.0482758620689655	1.485	1.4	0.0607142857142857
"287"	"PI656009"	8.04	6.58	0.221884498480243	15.35	13.22	0.161119515885023	0.1	0.1	0	74.5	84	-0.113095238095238	1	0.685	0.45985401459854
"288"	"PI656010"	10.93	11.31	-0.0335985853227232	22.64	23.2	-0.0241379310344827	3.1	1.265	1.45059288537549	66	66.5	-0.0075187969924812	0.74	0.73	0.0136986301369863
"289"	"PI656011"	9.47	8.15	0.161963190184049	20.905	17.365	0.203858335732796	1.435	0.765	0.875816993464052	74.5	80.5	-0.0745341614906832	1.25	1.14	0.0964912280701755
"290"	"PI656012"	10.55	11.725	-0.100213219616205	21.325	17.28	0.234085648148148	0.6	0.1	5	77.5	80	-0.03125	1.205	1.17	0.02991452991453
"291"	"PI656013"	12.4	10.095	0.228330856859832	18.805	16.74	0.123357228195938	0.1	0.1	0	65.5	72.5	-0.096551724137931	2.145	2.225	-0.0359550561797751
"292"	"PI656014"	11.22	12.465	-0.0998796630565584	24.585	22.62	0.0868700265251989	1.1	0.765	0.437908496732026	76	82.5	-0.0787878787878788	1.405	1.375	0.0218181818181818
"293"	"PI656015"	NA	NA	NA	NA	NA	NA	NA	NA	NA	NA	NA	NA	NA	NA	NA
"294"	"PI656016"	10.24	8.13	0.259532595325953	20.78	19.305	0.0764050764050765	0.1	0.1	0	66.5	69.5	-0.0431654676258993	0.795	0.8	-0.00625000000000014
"295"	"PI656017"	NA	NA	NA	NA	NA	NA	NA	NA	NA	88	89	-0.0112359550561798	NA	NA	NA
"296"	"PI656018"	11.185	8.165	0.369871402327006	21.31	15.145	0.407065037966325	0.435	0.1	3.35	73	79	-0.0759493670886076	0.9	0.805	0.118012422360248
"297"	"PI656019"	9.58	8.955	0.0697934115019542	19.24	18.51	0.0394381415451108	0.1	0.1	0	61	63	-0.0317460317460317	0.825	0.84	-0.0178571428571429
"298"	"PI656020"	9.3	7.47	0.244979919678715	18.23	15.29	0.192282537606279	0.1	0.1	0	66	66.5	-0.0075187969924812	0.755	0.595	0.26890756302521
"299"	"PI656021"	10.47	10.84	-0.0341328413284132	18.14	21.355	-0.150550222430344	0.1	1.765	-0.943342776203966	63	65.5	-0.0381679389312977	0.805	0.805	0
"300"	"PI656022"	10.095	8.24	0.225121359223301	18.42	14.355	0.283176593521421	0.1	0.1	0	63.5	67	-0.0522388059701493	1.02	0.915	0.114754098360656
"301"	"PI656023"	7.995	7.6	0.0519736842105264	18.55	16.37	0.13317043372022	0.6	0.265	1.26415094339623	68	73	-0.0684931506849315	1.895	1.13	0.676991150442478
"302"	"PI656024"	9.635	7.035	0.369580668088131	19.065	13.42	0.420640834575261	0.265	0.1	1.65	76	86.5	-0.121387283236994	1.595	1.33	0.199248120300752
"303"	"PI656025"	NA	NA	NA	NA	NA	NA	0.1	0.1	0	68.5	65	0.0538461538461538	1.32	1.38	-0.0434782608695651
"304"	"PI656026"	9.47	11.2	-0.154464285714286	17.79	21.245	-0.162626500353024	0.1	0.1	0	69	75	-0.08	1.25	1.31	-0.0458015267175573
"305"	"PI656027"	9.83	8.865	0.108855047941343	19.85	19.11	0.0387231815803245	0.1	0.1	0	72	82.5	-0.127272727272727	1.34	1.24	0.0806451612903225
"306"	"PI656028"	9.19	7.095	0.295278365045807	18.925	14.115	0.340772228126107	0.1	0.1	0	76.5	82.5	-0.0727272727272727	2.805	2.22	0.263513513513514
"307"	"PI656029"	9.53	9.755	-0.0230650948231676	24.05	22.09	0.088727931190584	0.1	0.1	0	73.5	81	-0.0925925925925926	0.73	0.7	0.0428571428571429
"308"	"PI656031"	8.615	8.28	0.0404589371980673	17.945	19.05	-0.058005249343832	1.6	0.6	1.66666666666667	65	69.5	-0.0647482014388489	1.16	1.13	0.0265486725663719
"309"	"PI656032"	7.79	6.775	0.149815498154981	15.74	15.23	0.0334865397242285	2.1	1.1	0.909090909090909	80	84.5	-0.0532544378698225	2.36	2.335	0.0107066381156318
"310"	"PI656033"	NA	NA	NA	NA	NA	NA	NA	NA	NA	NA	NA	NA	NA	NA	NA
"311"	"PI656034"	9.87	6.945	0.421166306695464	21.9	15.335	0.428105640691229	0.1	0.1	0	75	84	-0.107142857142857	1.165	1.095	0.0639269406392695
"312"	"PI656035"	9.41	9.225	0.0200542005420053	15.67	16.09	-0.0261031696706029	1.1	0.1	10	64	72	-0.111111111111111	2.65	2.4	0.104166666666667
"313"	"PI656036"	11.26	10.805	0.0421101341971311	20.155	18.775	0.0735019973368843	0.935	0.265	2.52830188679245	74.5	78	-0.0448717948717949	1.745	1.85	-0.0567567567567567
"314"	"PI656037"	11.545	8.915	0.295008412787437	23.2	18.13	0.279646993932708	0.1	0.1	0	72.5	72.5	0	1.54	1.475	0.0440677966101695
"315"	"PI656038"	NA	NA	NA	NA	NA	NA	NA	NA	NA	NA	NA	NA	NA	NA	NA
"316"	"PI656039"	11.45	10.34	0.107350096711799	19.93	18.79	0.0606705694518361	0.1	0.765	-0.869281045751634	69	74	-0.0675675675675676	1.305	1.25	0.0440000000000001
"317"	"PI656040"	8.74	8.505	0.0276308054085833	22.24	23.955	-0.07159256940096	0.6	1.265	-0.525691699604743	74.5	77.5	-0.0387096774193548	1.18	0.835	0.413173652694611
"318"	"PI656041"	10.155	9.99	0.0165165165165166	19.5	21.45	-0.0909090909090909	0.77	0.93	-0.172043010752688	75.5	76	-0.00657894736842105	1.13	1.085	0.0414746543778801
"319"	"PI656042"	9.965	8.68	0.148041474654378	19.565	17.79	0.0997751545812255	0.265	0.1	1.65	73	74	-0.0135135135135135	0.65	0.7	-0.0714285714285715
"320"	"PI656043"	10.145	9.585	0.0584246218049034	17.175	16.51	0.0402786190187764	1.765	0.765	1.30718954248366	60.5	64.5	-0.062015503875969	0.92	0.92	0
"321"	"PI656044"	11.545	8.74	0.320938215102975	22.53	19.585	0.150370181261169	0.265	0.1	1.65	71	77	-0.0779220779220779	1.35	1.2	0.125
"322"	"PI656046"	12.09	10.715	0.12832477834811	24.795	21.645	0.145530145530146	0.1	0.1	0	68	69.5	-0.0215827338129496	1.27	1.28	-0.00781249999999983
"323"	"PI656047"	NA	NA	NA	NA	NA	NA	NA	NA	NA	NA	NA	NA	NA	NA	NA
"324"	"PI656048"	8.6	6.65	0.293233082706767	18.565	16.34	0.136168910648715	0.265	0.1	1.65	74.5	75	-0.00666666666666667	1.23	1.21	0.0165289256198347
"325"	"PI656049"	10.19	9.08	0.122246696035242	20.77	19.96	0.0405811623246492	0.1	0.1	0	74	77	-0.038961038961039	1.695	1.735	-0.0230547550432277
"326"	"PI656050"	8.83	8.14	0.0847665847665847	15.51	15.545	-0.00225152782245084	0.1	0.265	-0.622641509433962	66.5	69.5	-0.0431654676258993	2.58	2.325	0.109677419354839
"327"	"PI656051"	11.675	8.615	0.355194428322693	24.43	17.535	0.393213572854291	0.1	0.1	0	76.5	79	-0.0316455696202532	1.3	1.16	0.120689655172414
"328"	"PI656052"	9.73	8.085	0.203463203463203	20.055	16.2	0.237962962962963	0.265	0.1	1.65	62.5	65	-0.0384615384615385	0.775	0.545	0.422018348623853
"329"	"PI656053"	8.42	7.685	0.095640858815875	18.665	19.09	-0.0222629649030907	0.435	0.265	0.641509433962264	71	82	-0.134146341463415	0.865	0.695	0.244604316546762
"330"	"PI656054"	NA	NA	NA	NA	NA	NA	NA	NA	NA	NA	NA	NA	NA	NA	NA
"331"	"PI656055"	9.215	8.295	0.110910186859554	19.265	19.615	-0.0178434871271986	0.1	0.1	0	65	70.5	-0.0780141843971631	0.795	0.735	0.0816326530612244
"332"	"PI656056"	10.525	8.57	0.228121353558926	22.42	17.81	0.258843346434587	0.1	0.1	0	72	74.5	-0.0335570469798658	1.195	1.04	0.149038461538461
"333"	"PI656057"	8.725	8.56	0.0192757009345793	19.295	16.52	0.167978208232446	1.27	0.6	1.11666666666667	76	76.5	-0.0065359477124183	1.275	1.145	0.11353711790393
"334"	"PI656058"	9.36	6.84	0.368421052631579	19.245	17.525	0.0981455064194008	0.1	0.435	-0.770114942528736	69.5	70	-0.00714285714285714	0.925	0.86	0.0755813953488373
"335"	"PI656059"	9.085	8.83	0.0288788221970556	18.955	18.465	0.0265366910370971	0.435	0.1	3.35	72.5	83	-0.126506024096386	0.975	1.035	-0.0579710144927539
"336"	"PI656060"	9.19	8.13	0.130381303813038	18.4	17.585	0.0463463178845606	0.1	0.1	0	64	65.5	-0.0229007633587786	0.92	0.92	1.20676415720126e-16
"337"	"PI656061"	8.695	7.19	0.209318497913769	20.465	17.28	0.18431712962963	0.435	0.1	3.35	78	78.5	-0.00636942675159236	1.03	0.995	0.035175879396985
"338"	"PI656062"	10.165	7.23	0.405947441217151	23.61	17.35	0.360806916426513	1.685	0.1	15.85	75.5	90	-0.161111111111111	1.21	0.98	0.23469387755102
"339"	"PI656063"	NA	NA	NA	NA	NA	NA	NA	NA	NA	NA	NA	NA	NA	NA	NA
"340"	"PI656064"	NA	NA	NA	NA	NA	NA	NA	NA	NA	NA	NA	NA	NA	NA	NA
"341"	"PI656065"	NA	NA	NA	NA	NA	NA	NA	NA	NA	NA	NA	NA	NA	NA	NA
"342"	"PI656066"	NA	NA	NA	NA	NA	NA	NA	NA	NA	NA	NA	NA	NA	NA	NA
"343"	"PI656067"	NA	NA	NA	NA	NA	NA	NA	NA	NA	NA	NA	NA	NA	NA	NA
"344"	"PI656068"	9.835	6.79	0.448453608247423	23.045	18.2	0.266208791208791	0.265	0.265	0	72.5	82	-0.115853658536585	0.8	0.715	0.118881118881119
"345"	"PI656069"	9.025	7.795	0.157793457344451	23.435	22.49	0.0420186749666517	0.435	0.1	3.35	80	87.5	-0.0857142857142857	0.695	0.615	0.130081300813008
"346"	"PI656070"	10.665	8.355	0.276481149012567	23.675	19.08	0.240828092243187	0.1	0.1	0	68.5	75.5	-0.0927152317880795	0.83	0.94	-0.117021276595745
"347"	"PI656071"	12.02	10.915	0.101236830050389	23.105	21.385	0.0804302080897827	1.27	0.1	11.7	74	79	-0.0632911392405063	1.385	1.235	0.121457489878543
"348"	"PI656072"	14.895	14.445	0.0311526479750778	26.645	30.415	-0.123951997369719	0.435	1.1	-0.604545454545454	80	78	0.0256410256410256	1.1	0.945	0.164021164021164
"349"	"PI656073"	NA	NA	NA	NA	NA	NA	NA	NA	NA	NA	NA	NA	NA	NA	NA
"350"	"PI656074"	5.95	5.68	0.0475352112676057	17.125	15.085	0.135233675836924	2.435	1.6	0.521875	66	72	-0.0833333333333333	3	2.685	0.11731843575419
"351"	"PI656075"	8.16	10.45	-0.219138755980861	23.315	25.66	-0.0913873733437257	0.1	0.6	-0.833333333333333	76	83.5	-0.0898203592814371	1.005	0.88	0.142045454545454
"352"	"PI656076"	12.005	10.395	0.154882154882155	20.36	16.415	0.240328967407859	0.43	0.935	-0.540106951871658	66	72.5	-0.0896551724137931	0.81	0.785	0.0318471337579618
"353"	"PI656077"	9.325	7.53	0.238379814077025	14.85	12.27	0.210268948655257	1.265	0.43	1.94186046511628	61.5	63	-0.0238095238095238	1.35	1.28	0.0546875
"354"	"PI656078"	8.63	10.38	-0.16859344894027	18.795	22.505	-0.164852255054432	0.265	0.765	-0.65359477124183	70.5	66.5	0.0601503759398496	0.775	0.755	0.0264900662251656
"355"	"PI656079"	7.795	7.175	0.086411149825784	19.695	20.925	-0.0587813620071685	1.765	0.6	1.94166666666667	63	72.5	-0.131034482758621	0.95	1.135	-0.162995594713656
"356"	"PI656080"	8.67	6.44	0.346273291925466	18.26	13.9	0.313669064748202	1.435	1.6	-0.103125	64	68.5	-0.0656934306569343	1.245	1.56	-0.201923076923077
"357"	"PI656081"	5.79	6.505	-0.109915449654112	11.32	12.425	-0.088933601609658	2.77	1.1	1.51818181818182	57	61	-0.0655737704918033	0.5	1.385	-0.63898916967509
"358"	"PI656082"	10.23	9.265	0.104155423637345	25.4	23.99	0.0587744893705709	0.1	0.1	0	78	93	-0.161290322580645	0.81	0.78	0.0384615384615385
"359"	"PI656083"	11.06	10.15	0.0896551724137931	21.19	20.295	0.0440995319044098	1.1	0.265	3.15094339622642	65	77	-0.155844155844156	1.605	1.31	0.225190839694656
"360"	"PI656085"	8.835	8.775	0.00683760683760689	19.47	19.34	0.00672182006204752	0.6	1.1	-0.454545454545455	58	61.5	-0.056910569105691	0.65	0.705	-0.0780141843971633
"361"	"PI656086"	8.18	8.2	-0.00243902439024407	20.33	22.16	-0.0825812274368232	0.265	0.435	-0.390804597701149	70	74	-0.0540540540540541	1.55	1.38	0.123188405797101
"362"	"PI656087"	9.93	10.005	-0.00749625187406307	15.44	16.265	-0.0507224100830004	1.1	0.1	10	59.5	62.5	-0.048	0.945	0.76	0.243421052631579
"363"	"PI656088"	8.45	8.265	0.0223835450695703	17.565	19.615	-0.104511853173592	0.1	0.1	0	71	72	-0.0138888888888889	1.675	1.615	0.0371517027863776
"364"	"PI656089"	8.475	8.305	0.0204695966285372	14.89	14.485	0.0279599585778392	0.1	0.43	-0.767441860465116	63	63.5	-0.0078740157480315	1.775	1.645	0.0790273556231002
"365"	"PI656090"	6.62	5.795	0.142364106988783	15.805	14.085	0.122115725949592	2.435	0.765	2.18300653594771	67.5	64	0.0546875	1.66	1.615	0.0278637770897834
"366"	"PI656091"	10.59	8.865	0.194585448392555	23.84	18.83	0.266064790228359	0.1	0.1	0	79	90	-0.122222222222222	0.71	0.605	0.173553719008264
"367"	"PI656092"	11.225	9.73	0.153648509763618	21.94	19.06	0.151101783840504	0.265	0.1	1.65	79	86.5	-0.0867052023121387	0.675	0.615	0.0975609756097562
"368"	"PI656093"	8.635	8.38	0.0304295942720767	18.945	16.98	0.115724381625442	1.935	0.935	1.06951871657754	68.5	73.5	-0.0680272108843537	1.38	1.32	0.0454545454545453
"369"	"PI656094"	7.86	6.875	0.143272727272727	16.23	13.935	0.164693218514532	1.1	0.6	0.833333333333334	64	64.5	-0.00775193798449612	1.33	1.22	0.0901639344262296
"370"	"PI656095"	10.01	13.57	-0.262343404568902	13.33	18.035	-0.260881619074023	0.1	1.265	-0.92094861660079	62	64.5	-0.0387596899224806	1.31	1.315	-0.00380228136882121
"371"	"PI656096"	9.98	8.785	0.136027319294252	19.235	18.63	0.0324745034889961	0.43	0.1	3.3	63.5	65	-0.0230769230769231	1.42	1.405	0.01067615658363
"372"	"PI656097"	11.805	10.935	0.0795610425240056	21.035	22.82	-0.0782208588957055	0.1	0.1	0	82	87.5	-0.0628571428571429	1.6	1.47	0.08843537414966
"373"	"PI656098"	NA	NA	NA	NA	NA	NA	NA	NA	NA	NA	NA	NA	NA	NA	NA
"374"	"PI656099"	11.85	10.18	0.164047151277014	23.47	20.685	0.134638627024414	0.265	0.1	1.65	83.5	93.5	-0.106951871657754	1.98	1.77	0.11864406779661
"375"	"PI656100"	11.88	10.865	0.0934192360791533	22.17	18.985	0.167764024229655	0.1	0.765	-0.869281045751634	77.5	77.5	0	0.76	0.6	0.266666666666667
"376"	"PI656101"	NA	NA	NA	NA	NA	NA	NA	NA	NA	NA	NA	NA	NA	NA	NA
"377"	"PI656102"	10.015	9.425	0.0625994694960212	15.41	15.485	-0.00484339683564735	2.265	1.1	1.05909090909091	67	66.5	0.0075187969924812	1.61	1.535	0.04885993485342
"378"	"PI656103"	NA	NA	NA	NA	NA	NA	NA	NA	NA	NA	NA	NA	NA	NA	NA
"379"	"PI656104"	NA	NA	NA	NA	NA	NA	0.1	1.43	-0.93006993006993	62	66	-0.0606060606060606	1.33	1.1	0.209090909090909
"380"	"PI656105"	8.745	7.725	0.132038834951456	18.4	14.79	0.244083840432725	0.1	0.1	0	64.5	66	-0.0227272727272727	0.565	0.515	0.0970873786407766
"381"	"PI656106"	8.965	8.12	0.104064039408867	19.04	17.3	0.100578034682081	0.77	0.435	0.770114942528735	69.5	72	-0.0347222222222222	1.07	1.09	-0.018348623853211
"382"	"PI656107"	11.18	10.295	0.0859640602234094	24.32	23.515	0.0342334679991495	1.265	0.265	3.77358490566038	75	80.5	-0.0683229813664596	1.485	1.205	0.232365145228216
"383"	"PI656108"	9.12	10.12	-0.098814229249012	16.23	17.425	-0.0685796269727403	0.935	1.185	-0.210970464135021	59.5	66.5	-0.105263157894737	0.98	0.875	0.12
"384"	"PI656109"	10.29	9.3	0.106451612903226	20.68	18.65	0.108847184986595	2.77	2.765	0.00180831826401443	60	59.5	0.00840336134453781	0.59	0.62	-0.0483870967741936
"385"	"PI656110"	8.555	8.285	0.0325890162945081	18.185	19.07	-0.0464079706345044	1.435	1.1	0.304545454545455	67	68.5	-0.0218978102189781	0.545	0.54	0.00925925925925927
"386"	"PI656111"	8.27	7.29	0.13443072702332	18.23	15.785	0.154893886601204	1.765	0.1	16.65	73	82	-0.109756097560976	1.415	1.395	0.014336917562724
"387"	"PI656112"	NA	NA	NA	NA	NA	NA	NA	NA	NA	NA	NA	NA	NA	NA	NA
"388"	"PI656113"	NA	NA	NA	NA	NA	NA	NA	NA	NA	NA	NA	NA	NA	NA	NA
"389"	"PI656114"	11.405	9.525	0.19737532808399	25.78	23.65	0.090063424947146	0.93	0.1	8.3	69.5	72.5	-0.0413793103448276	0.715	0.67	0.0671641791044777
"390"	"PI656115"	5.205	6.715	-0.224869694713328	14.71	15.65	-0.0600638977635782	0.6	0.6	0	68.5	71.5	-0.041958041958042	1.23	1.375	-0.105454545454545
"391"	"PI656116"	5.755	6.955	-0.172537742631201	13.93	17.365	-0.197811690181399	2.6	1.265	1.05533596837945	61	64.5	-0.0542635658914729	0.925	0.78	0.185897435897436
"392"	"PI656118"	8.54	7.37	0.158751696065129	21.53	19.8	0.0873737373737374	0.1	0.435	-0.770114942528736	70.5	75.5	-0.0662251655629139	0.995	0.955	0.0418848167539266
"393"	"PI656119"	9.125	8.25	0.106060606060606	18.365	17.35	0.05850144092219	0.435	0.265	0.641509433962264	63.5	63	0.00793650793650794	1.23	1.195	0.0292887029288704
"394"	"PI656120"	NA	NA	NA	NA	NA	NA	NA	NA	NA	64	64.5	-0.00775193798449612	0.7	0.895	-0.217877094972067
"395"	"PI656121"	9.49	8.52	0.113849765258216	17	17.23	-0.0133488102147418	1.1	0.93	0.182795698924731	61.5	60	0.025	3.54	1.18	2
"396"	"PI659691"	10.365	9.77	0.0609007164790175	19.165	20.045	-0.0439012222499378	1.6	1.935	-0.17312661498708	76	76.5	-0.0065359477124183	1.225	1.175	0.0425531914893619
"397"	"PI659694"	11.52	8.685	0.326424870466321	17.97	13.54	0.327178729689808	0.43	0.1	3.3	67.5	70.5	-0.0425531914893617	1.15	1.155	-0.00432900432900443
"398"	"PI659695"	10.21	7.44	0.37231182795699	20.205	18.935	0.0670715606020595	0.1	0.1	0	66.5	79.5	-0.163522012578616	0.905	0.89	0.0168539325842697
"399"	"PI659696"	9.465	10.06	-0.0591451292246521	15.665	15.725	-0.00381558028616867	0.6	0.43	0.395348837209302	65.5	64	0.0234375	1.305	1.23	0.0609756097560977
"400"	"PI659753"	12.925	10.36	0.247586872586873	24.815	23.945	0.0363332637293797	0.1	0.1	0	89	89.5	-0.00558659217877095	1.495	1.625	-0.0799999999999999
